Data_test/SBE/microcatifremer3999.asc
* Sea-Bird SBE37 Data File:
* FileName = C:\Program Files\Sea-Bird\Seaterm\microcatifremer3999.asc
* Software Version 1.50
* Temperature SN = 3999
* Conductivity SN = 3999
* System UpLoad Time = Aug 26 2006 14:05:59
** recovery 309 serialnr 3999 microcat
** 
*END*
[from data line 16629]
  3.2056, 3.12122,  185.994, 14 Dec 2005, 23:00:01
  3.1940, 3.12056,  185.923, 14 Dec 2005, 23:10:01
  3.1971, 3.12029,  185.851, 14 Dec 2005, 23:20:01
  3.1794, 3.11833,  185.798, 14 Dec 2005, 23:30:01
  3.1962, 3.11996,  185.745, 14 Dec 2005, 23:40:01
  3.2009, 3.12072,  185.674, 14 Dec 2005, 23:50:01
  3.2052, 3.12131,  185.638, 15 Dec 2005, 00:00:01
  3.2295, 3.12344,  185.585, 15 Dec 2005, 00:10:01
  3.2508, 3.12621,  185.549, 15 Dec 2005, 00:20:01
  3.2484, 3.12570,  185.514, 15 Dec 2005, 00:30:01
  3.2546, 3.12647,  185.496, 15 Dec 2005, 00:40:01
  3.2602, 3.12750,  185.478, 15 Dec 2005, 00:50:01
  3.2425, 3.12808,  185.496, 15 Dec 2005, 01:00:01
  3.3170, 3.13352,  185.461, 15 Dec 2005, 01:10:01
  3.3451, 3.13644,  185.478, 15 Dec 2005, 01:20:01
  3.3537, 3.13795,  185.478, 15 Dec 2005, 01:30:01
  3.3526, 3.13837,  185.478, 15 Dec 2005, 01:40:01
  3.3530, 3.13843,  185.532, 15 Dec 2005, 01:50:01
  3.3416, 3.13826,  185.567, 15 Dec 2005, 02:00:01
  3.3216, 3.13715,  185.567, 15 Dec 2005, 02:10:01
  3.2705, 3.13125,  185.638, 15 Dec 2005, 02:20:01
  3.2582, 3.12947,  185.674, 15 Dec 2005, 02:30:01
  3.2579, 3.12946,  185.727, 15 Dec 2005, 02:40:01
  3.2383, 3.12769,  185.798, 15 Dec 2005, 02:50:01
  3.2310, 3.12589,  185.851, 15 Dec 2005, 03:00:01
  3.1967, 3.12257,  185.940, 15 Dec 2005, 03:10:01
  3.1619, 3.11966,  186.011, 15 Dec 2005, 03:20:01
  3.1206, 3.11491,  186.082, 15 Dec 2005, 03:30:01
  3.1232, 3.11271,  186.171, 15 Dec 2005, 03:40:01
  3.1412, 3.11406,  186.242, 15 Dec 2005, 03:50:01
  3.1549, 3.11515,  186.331, 15 Dec 2005, 04:00:01
  3.1658, 3.11626,  186.402, 15 Dec 2005, 04:10:01
  3.1026, 3.11368,  186.491, 15 Dec 2005, 04:20:01
  3.0667, 3.10874,  186.598, 15 Dec 2005, 04:30:01
  3.0613, 3.10742,  186.686, 15 Dec 2005, 04:40:01
  3.0573, 3.10654,  186.793, 15 Dec 2005, 04:50:01
  3.0491, 3.10560,  186.864, 15 Dec 2005, 05:00:01
  3.0111, 3.10341,  186.935, 15 Dec 2005, 05:10:01
  2.9740, 3.09946,  187.024, 15 Dec 2005, 05:20:01
  2.9582, 3.09654,  187.113, 15 Dec 2005, 05:30:01
  2.9474, 3.09544,  187.184, 15 Dec 2005, 05:40:01
  2.9377, 3.09193,  187.273, 15 Dec 2005, 05:50:01
  2.9017, 3.09001,  187.308, 15 Dec 2005, 06:00:01
  2.8934, 3.08714,  187.379, 15 Dec 2005, 06:10:01
  2.8950, 3.08708,  187.433, 15 Dec 2005, 06:20:01
  2.9126, 3.08832,  187.468, 15 Dec 2005, 06:30:01
  2.9035, 3.08818,  187.557, 15 Dec 2005, 06:40:01
  2.9167, 3.08893,  187.557, 15 Dec 2005, 06:50:01
  2.9268, 3.09034,  187.628, 15 Dec 2005, 07:00:01
  2.9465, 3.09307,  187.628, 15 Dec 2005, 07:10:01
  2.9703, 3.09657,  187.681, 15 Dec 2005, 07:20:01
  2.9691, 3.09690,  187.663, 15 Dec 2005, 07:30:01
  2.9784, 3.09722,  187.663, 15 Dec 2005, 07:40:01
  3.0073, 3.10058,  187.681, 15 Dec 2005, 07:50:01
  3.0596, 3.10634,  187.663, 15 Dec 2005, 08:00:01
  3.1301, 3.11242,  187.646, 15 Dec 2005, 08:10:01
  3.1618, 3.11770,  187.610, 15 Dec 2005, 08:20:01
  3.2496, 3.12714,  187.575, 15 Dec 2005, 08:30:01
  3.3020, 3.13270,  187.539, 15 Dec 2005, 08:40:01
  3.3489, 3.13844,  187.521, 15 Dec 2005, 08:50:01
  3.3896, 3.14069,  187.486, 15 Dec 2005, 09:00:01
  3.4396, 3.15154,  187.415, 15 Dec 2005, 09:10:01
  3.4544, 3.15339,  187.379, 15 Dec 2005, 09:20:01
  3.4760, 3.15575,  187.290, 15 Dec 2005, 09:30:01
  3.5039, 3.15832,  187.219, 15 Dec 2005, 09:40:01
  3.5447, 3.16289,  187.166, 15 Dec 2005, 09:50:01
  3.5507, 3.16602,  187.095, 15 Dec 2005, 10:00:01
  3.5925, 3.16973,  186.988, 15 Dec 2005, 10:10:01
  3.6074, 3.17125,  186.917, 15 Dec 2005, 10:20:01
  3.6234, 3.17352,  186.829, 15 Dec 2005, 10:30:01
  3.6393, 3.17443,  186.722, 15 Dec 2005, 10:40:01
  3.6423, 3.17581,  186.651, 15 Dec 2005, 10:50:01
  3.6455, 3.17668,  186.580, 15 Dec 2005, 11:00:01
  3.6289, 3.17605,  186.491, 15 Dec 2005, 11:10:01
  3.6277, 3.17543,  186.402, 15 Dec 2005, 11:20:01
  3.6331, 3.17551,  186.313, 15 Dec 2005, 11:30:01
  3.6370, 3.17612,  186.224, 15 Dec 2005, 11:40:01
  3.6396, 3.17621,  186.136, 15 Dec 2005, 11:50:01
  3.6404, 3.17637,  186.065, 15 Dec 2005, 12:00:01
  3.6421, 3.17653,  186.011, 15 Dec 2005, 12:10:01
  3.6427, 3.17678,  185.940, 15 Dec 2005, 12:20:01
  3.6212, 3.17580,  185.869, 15 Dec 2005, 12:30:01
  3.6418, 3.17557,  185.798, 15 Dec 2005, 12:40:01
  3.6369, 3.17631,  185.763, 15 Dec 2005, 12:50:01
  3.6349, 3.17614,  185.709, 15 Dec 2005, 13:00:01
  3.6302, 3.17583,  185.692, 15 Dec 2005, 13:10:01
  3.6354, 3.17615,  185.656, 15 Dec 2005, 13:20:01
  3.6298, 3.17575,  185.638, 15 Dec 2005, 13:30:01
  3.6295, 3.17565,  185.585, 15 Dec 2005, 13:40:01
  3.6217, 3.17489,  185.585, 15 Dec 2005, 13:50:01
  3.6176, 3.17432,  185.585, 15 Dec 2005, 14:00:01
  3.6096, 3.17367,  185.585, 15 Dec 2005, 14:10:01
  3.6072, 3.17331,  185.603, 15 Dec 2005, 14:20:01
  3.6055, 3.17279,  185.621, 15 Dec 2005, 14:30:01
  3.6095, 3.17323,  185.621, 15 Dec 2005, 14:40:01
  3.6082, 3.17314,  185.638, 15 Dec 2005, 14:50:01
  3.6020, 3.17279,  185.674, 15 Dec 2005, 15:00:01
  3.5934, 3.17195,  185.709, 15 Dec 2005, 15:10:01
  3.5948, 3.17195,  185.745, 15 Dec 2005, 15:20:01
  3.5850, 3.17123,  185.798, 15 Dec 2005, 15:30:01
  3.5822, 3.17084,  185.834, 15 Dec 2005, 15:40:01
  3.5610, 3.16932,  185.905, 15 Dec 2005, 15:50:01
  3.5598, 3.16888,  185.976, 15 Dec 2005, 16:00:01
  3.5351, 3.16732,  186.047, 15 Dec 2005, 16:10:01
  3.5671, 3.16806,  186.100, 15 Dec 2005, 16:20:01
  3.5803, 3.16999,  186.189, 15 Dec 2005, 16:30:01
  3.6045, 3.17098,  186.224, 15 Dec 2005, 16:40:01
  3.6153, 3.17273,  186.331, 15 Dec 2005, 16:50:01
  3.6413, 3.17427,  186.402, 15 Dec 2005, 17:00:01
  3.6533, 3.17610,  186.473, 15 Dec 2005, 17:10:01
  3.6801, 3.17855,  186.562, 15 Dec 2005, 17:20:01
  3.7261, 3.18026,  186.615, 15 Dec 2005, 17:30:01
  3.7583, 3.18678,  186.686, 15 Dec 2005, 17:40:01
  3.7910, 3.19196,  186.757, 15 Dec 2005, 17:50:01
  3.8151, 3.19357,  186.811, 15 Dec 2005, 18:00:01
  3.8409, 3.19705,  186.864, 15 Dec 2005, 18:10:01
  3.8594, 3.20008,  186.935, 15 Dec 2005, 18:20:01
  3.8923, 3.20256,  186.971, 15 Dec 2005, 18:30:01
  3.9293, 3.20723,  187.006, 15 Dec 2005, 18:40:01
  3.9720, 3.21224,  187.077, 15 Dec 2005, 18:50:01
  4.0006, 3.21548,  187.131, 15 Dec 2005, 19:00:01
  4.0006, 3.21632,  187.184, 15 Dec 2005, 19:10:01
  3.9959, 3.21737,  187.184, 15 Dec 2005, 19:20:01
  3.9832, 3.21611,  187.184, 15 Dec 2005, 19:30:01
  3.9670, 3.21467,  187.219, 15 Dec 2005, 19:40:01
  3.9700, 3.21430,  187.237, 15 Dec 2005, 19:50:01
  4.0047, 3.21579,  187.219, 15 Dec 2005, 20:00:01
  4.0032, 3.21835,  187.219, 15 Dec 2005, 20:10:01
  4.0597, 3.22310,  187.202, 15 Dec 2005, 20:20:01
  4.0779, 3.22412,  187.184, 15 Dec 2005, 20:30:01
  4.0814, 3.22487,  187.148, 15 Dec 2005, 20:40:01
  4.1031, 3.22680,  187.166, 15 Dec 2005, 20:50:01
  4.0978, 3.22678,  187.131, 15 Dec 2005, 21:00:01
  4.1059, 3.22788,  187.059, 15 Dec 2005, 21:10:01
  4.1249, 3.23086,  187.024, 15 Dec 2005, 21:20:01
  4.1299, 3.23164,  186.971, 15 Dec 2005, 21:30:01
  4.1375, 3.23202,  186.900, 15 Dec 2005, 21:40:01
  4.1398, 3.23290,  186.864, 15 Dec 2005, 21:50:01
  4.1558, 3.23247,  186.793, 15 Dec 2005, 22:00:01
  4.1688, 3.23496,  186.740, 15 Dec 2005, 22:10:01
  4.2620, 3.24155,  186.669, 15 Dec 2005, 22:20:01
  4.3053, 3.24653,  186.615, 15 Dec 2005, 22:30:01
  4.3188, 3.24955,  186.526, 15 Dec 2005, 22:40:01
  4.3551, 3.25537,  186.455, 15 Dec 2005, 22:50:01
  4.3602, 3.25588,  186.384, 15 Dec 2005, 23:00:01
  4.3668, 3.25629,  186.296, 15 Dec 2005, 23:10:01
  4.3753, 3.25890,  186.224, 15 Dec 2005, 23:20:01
  4.3891, 3.26029,  186.171, 15 Dec 2005, 23:30:01
  4.4271, 3.26536,  186.100, 15 Dec 2005, 23:40:01
  4.4448, 3.26730,  186.029, 15 Dec 2005, 23:50:01
  4.4524, 3.26850,  185.976, 16 Dec 2005, 00:00:01
  4.4942, 3.27281,  185.905, 16 Dec 2005, 00:10:01
  4.5042, 3.27413,  185.834, 16 Dec 2005, 00:20:01
  4.5055, 3.27446,  185.816, 16 Dec 2005, 00:30:01
  4.5078, 3.27468,  185.745, 16 Dec 2005, 00:40:01
  4.4968, 3.27379,  185.674, 16 Dec 2005, 00:50:01
  4.4907, 3.27281,  185.656, 16 Dec 2005, 01:00:01
  4.5254, 3.27636,  185.621, 16 Dec 2005, 01:10:01
  4.5366, 3.27778,  185.585, 16 Dec 2005, 01:20:01
  4.5503, 3.27944,  185.585, 16 Dec 2005, 01:30:01
  4.5511, 3.27963,  185.567, 16 Dec 2005, 01:40:01
  4.5456, 3.27907,  185.567, 16 Dec 2005, 01:50:01
  4.5435, 3.27875,  185.549, 16 Dec 2005, 02:00:01
  4.5521, 3.27958,  185.567, 16 Dec 2005, 02:10:01
  4.5639, 3.28105,  185.585, 16 Dec 2005, 02:20:01
  4.5704, 3.28170,  185.621, 16 Dec 2005, 02:30:01
  4.5653, 3.28135,  185.656, 16 Dec 2005, 02:40:01
  4.5666, 3.28123,  185.674, 16 Dec 2005, 02:50:01
  4.5759, 3.28235,  185.727, 16 Dec 2005, 03:00:01
  4.5702, 3.28268,  185.780, 16 Dec 2005, 03:10:01
  4.5774, 3.28263,  185.834, 16 Dec 2005, 03:20:01
  4.5771, 3.28256,  185.887, 16 Dec 2005, 03:30:01
  4.5738, 3.28244,  185.976, 16 Dec 2005, 03:40:01
  4.5837, 3.28277,  186.047, 16 Dec 2005, 03:50:01
  4.5914, 3.28358,  186.118, 16 Dec 2005, 04:00:01
  4.5981, 3.28452,  186.189, 16 Dec 2005, 04:10:01
  4.6080, 3.28560,  186.278, 16 Dec 2005, 04:20:01
  4.6111, 3.28624,  186.349, 16 Dec 2005, 04:30:01
  4.6147, 3.28664,  186.455, 16 Dec 2005, 04:40:01
  4.6342, 3.28789,  186.562, 16 Dec 2005, 04:50:01
  4.6442, 3.28946,  186.651, 16 Dec 2005, 05:00:01
  4.6778, 3.29171,  186.740, 16 Dec 2005, 05:10:01
  4.7148, 3.29502,  186.846, 16 Dec 2005, 05:20:01
  4.7369, 3.29737,  186.917, 16 Dec 2005, 05:30:01
  4.7447, 3.29867,  187.024, 16 Dec 2005, 05:40:01
  4.7549, 3.30004,  187.113, 16 Dec 2005, 05:50:01
  4.7607, 3.30055,  187.219, 16 Dec 2005, 06:00:01
  4.7518, 3.30019,  187.308, 16 Dec 2005, 06:10:01
  4.7460, 3.29986,  187.361, 16 Dec 2005, 06:20:01
  4.7652, 3.30146,  187.433, 16 Dec 2005, 06:30:01
  4.7667, 3.30375,  187.504, 16 Dec 2005, 06:40:01
  4.7737, 3.30466,  187.575, 16 Dec 2005, 06:50:01
  4.7656, 3.30429,  187.646, 16 Dec 2005, 07:00:01
  4.7641, 3.30390,  187.681, 16 Dec 2005, 07:10:01
  4.7589, 3.30352,  187.735, 16 Dec 2005, 07:20:01
  4.7583, 3.30330,  187.752, 16 Dec 2005, 07:30:01
  4.7597, 3.30341,  187.788, 16 Dec 2005, 07:40:01
  4.7541, 3.30265,  187.823, 16 Dec 2005, 07:50:01
  4.7485, 3.30227,  187.823, 16 Dec 2005, 08:00:01
  4.7426, 3.30159,  187.841, 16 Dec 2005, 08:10:01
  4.7480, 3.30169,  187.859, 16 Dec 2005, 08:20:01
  4.7589, 3.30284,  187.859, 16 Dec 2005, 08:30:01
  4.7607, 3.30310,  187.859, 16 Dec 2005, 08:40:01
  4.7673, 3.30375,  187.859, 16 Dec 2005, 08:50:01
  4.7804, 3.30519,  187.806, 16 Dec 2005, 09:00:01
  4.7740, 3.30544,  187.770, 16 Dec 2005, 09:10:01
  4.7922, 3.30659,  187.735, 16 Dec 2005, 09:20:01
  4.7959, 3.30649,  187.681, 16 Dec 2005, 09:30:01
  4.7922, 3.30683,  187.628, 16 Dec 2005, 09:40:01
  4.7880, 3.30694,  187.557, 16 Dec 2005, 09:50:01
  4.8068, 3.30826,  187.504, 16 Dec 2005, 10:00:01
  4.8017, 3.30840,  187.450, 16 Dec 2005, 10:10:02
  4.7959, 3.30757,  187.379, 16 Dec 2005, 10:20:02
  4.7914, 3.30707,  187.290, 16 Dec 2005, 10:30:02
  4.8036, 3.30778,  187.202, 16 Dec 2005, 10:40:02
  4.8092, 3.30856,  187.148, 16 Dec 2005, 10:50:02
  4.8098, 3.30862,  187.042, 16 Dec 2005, 11:00:02
  4.8179, 3.30971,  186.953, 16 Dec 2005, 11:10:02
  4.8114, 3.30956,  186.864, 16 Dec 2005, 11:20:02
  4.8068, 3.30877,  186.775, 16 Dec 2005, 11:30:02
  4.8044, 3.30844,  186.686, 16 Dec 2005, 11:40:02
  4.7944, 3.30767,  186.598, 16 Dec 2005, 11:50:02
  4.7969, 3.30745,  186.526, 16 Dec 2005, 12:00:02
  4.8026, 3.30804,  186.438, 16 Dec 2005, 12:10:02
  4.7995, 3.30808,  186.331, 16 Dec 2005, 12:20:02
  4.7889, 3.30699,  186.260, 16 Dec 2005, 12:30:02
  4.7725, 3.30456,  186.189, 16 Dec 2005, 12:40:02
  4.7605, 3.30292,  186.100, 16 Dec 2005, 12:50:02
  4.7644, 3.30358,  186.047, 16 Dec 2005, 13:00:02
  4.7716, 3.30448,  185.976, 16 Dec 2005, 13:10:01
  4.7734, 3.30465,  185.905, 16 Dec 2005, 13:20:01
  4.7720, 3.30452,  185.869, 16 Dec 2005, 13:30:01
  4.7829, 3.30561,  185.834, 16 Dec 2005, 13:40:01
  4.7827, 3.30540,  185.763, 16 Dec 2005, 13:50:01
  4.7760, 3.30527,  185.745, 16 Dec 2005, 14:00:01
  4.7798, 3.30538,  185.709, 16 Dec 2005, 14:10:01
  4.7753, 3.30504,  185.692, 16 Dec 2005, 14:20:01
  4.7653, 3.30391,  185.692, 16 Dec 2005, 14:30:01
  4.7545, 3.30292,  185.692, 16 Dec 2005, 14:40:01
  4.7788, 3.30528,  185.674, 16 Dec 2005, 14:50:01
  4.7828, 3.30581,  185.674, 16 Dec 2005, 15:00:01
  4.8034, 3.30792,  185.692, 16 Dec 2005, 15:10:01
  4.8174, 3.30967,  185.727, 16 Dec 2005, 15:20:01
  4.8314, 3.31139,  185.745, 16 Dec 2005, 15:30:01
  4.8254, 3.31076,  185.780, 16 Dec 2005, 15:40:01
  4.8290, 3.31118,  185.816, 16 Dec 2005, 15:50:01
  4.8398, 3.31228,  185.869, 16 Dec 2005, 16:00:01
  4.8488, 3.31318,  185.905, 16 Dec 2005, 16:10:01
  4.8539, 3.31389,  185.958, 16 Dec 2005, 16:20:01
  4.8584, 3.31437,  186.011, 16 Dec 2005, 16:30:01
  4.8636, 3.31502,  186.100, 16 Dec 2005, 16:40:01
  4.8697, 3.31568,  186.153, 16 Dec 2005, 16:50:01
  4.8798, 3.31673,  186.207, 16 Dec 2005, 17:00:01
  4.8802, 3.31697,  186.278, 16 Dec 2005, 17:10:01
  4.8775, 3.31688,  186.349, 16 Dec 2005, 17:20:01
  4.8737, 3.31652,  186.438, 16 Dec 2005, 17:30:01
  4.8785, 3.31691,  186.509, 16 Dec 2005, 17:40:01
  4.8912, 3.31710,  186.580, 16 Dec 2005, 17:50:01
  4.8898, 3.31787,  186.633, 16 Dec 2005, 18:00:01
  4.8837, 3.31754,  186.704, 16 Dec 2005, 18:10:01
  4.8794, 3.31712,  186.775, 16 Dec 2005, 18:20:01
  4.8742, 3.31667,  186.829, 16 Dec 2005, 18:30:01
  4.8628, 3.31594,  186.900, 16 Dec 2005, 18:40:01
  4.8434, 3.31414,  186.971, 16 Dec 2005, 18:50:01
  4.8228, 3.31207,  187.024, 16 Dec 2005, 19:00:01
  4.8110, 3.31079,  187.077, 16 Dec 2005, 19:10:01
  4.8027, 3.30964,  187.113, 16 Dec 2005, 19:20:01
  4.7944, 3.30926,  187.166, 16 Dec 2005, 19:30:01
  4.7898, 3.30828,  187.202, 16 Dec 2005, 19:40:01
  4.7829, 3.30753,  187.219, 16 Dec 2005, 19:50:01
  4.7791, 3.30596,  187.237, 16 Dec 2005, 20:00:01
  4.7786, 3.30569,  187.273, 16 Dec 2005, 20:10:01
  4.7718, 3.30512,  187.290, 16 Dec 2005, 20:20:01
  4.7648, 3.30448,  187.273, 16 Dec 2005, 20:30:01
  4.7480, 3.30284,  187.290, 16 Dec 2005, 20:40:01
  4.7341, 3.30071,  187.273, 16 Dec 2005, 20:50:01
  4.7295, 3.30026,  187.255, 16 Dec 2005, 21:00:01
  4.6996, 3.29817,  187.255, 16 Dec 2005, 21:10:01
  4.6918, 3.29614,  187.202, 16 Dec 2005, 21:20:01
  4.6747, 3.29454,  187.184, 16 Dec 2005, 21:30:01
  4.6484, 3.29265,  187.148, 16 Dec 2005, 21:40:01
  4.6330, 3.29038,  187.131, 16 Dec 2005, 21:50:01
  4.6075, 3.28804,  187.059, 16 Dec 2005, 22:00:01
  4.6031, 3.28617,  187.006, 16 Dec 2005, 22:10:01
  4.6086, 3.28701,  186.953, 16 Dec 2005, 22:20:01
  4.5920, 3.28609,  186.882, 16 Dec 2005, 22:30:01
  4.5703, 3.28396,  186.846, 16 Dec 2005, 22:40:01
  4.5717, 3.28390,  186.775, 16 Dec 2005, 22:50:01
  4.5638, 3.28163,  186.686, 16 Dec 2005, 23:00:01
  4.5470, 3.28085,  186.580, 16 Dec 2005, 23:10:01
  4.5261, 3.27655,  186.526, 16 Dec 2005, 23:20:01
  4.4952, 3.27370,  186.455, 16 Dec 2005, 23:30:01
  4.4753, 3.27183,  186.384, 16 Dec 2005, 23:40:01
  4.4513, 3.26829,  186.296, 16 Dec 2005, 23:50:01
  4.4297, 3.26641,  186.242, 17 Dec 2005, 00:00:01
  4.4458, 3.26742,  186.171, 17 Dec 2005, 00:10:01
  4.4677, 3.26948,  186.082, 17 Dec 2005, 00:20:01
  4.5164, 3.27489,  185.994, 17 Dec 2005, 00:30:01
  4.5385, 3.27826,  185.940, 17 Dec 2005, 00:40:01
  4.5214, 3.27674,  185.851, 17 Dec 2005, 00:50:01
  4.5024, 3.27368,  185.816, 17 Dec 2005, 01:00:01
  4.5178, 3.27549,  185.763, 17 Dec 2005, 01:10:01
  4.4877, 3.27271,  185.692, 17 Dec 2005, 01:20:01
  4.4459, 3.26819,  185.674, 17 Dec 2005, 01:30:01
  4.4335, 3.26598,  185.621, 17 Dec 2005, 01:40:01
  4.4302, 3.26458,  185.603, 17 Dec 2005, 01:50:01
  4.4158, 3.26347,  185.567, 17 Dec 2005, 02:00:01
  4.3897, 3.26070,  185.532, 17 Dec 2005, 02:10:01
  4.3593, 3.25819,  185.532, 17 Dec 2005, 02:20:01
  4.3382, 3.25540,  185.532, 17 Dec 2005, 02:30:01
  4.3197, 3.25255,  185.532, 17 Dec 2005, 02:40:01
  4.2972, 3.25031,  185.532, 17 Dec 2005, 02:50:01
  4.2697, 3.24683,  185.549, 17 Dec 2005, 03:00:01
