Data_test/SBE/microcatifremer3999.asc
* Sea-Bird SBE37 Data File:
* FileName = C:\Program Files\Sea-Bird\Seaterm\microcatifremer3999.asc
* Software Version 1.50
* Temperature SN = 3999
* Conductivity SN = 3999
* System UpLoad Time = Aug 26 2006 14:05:59
** recovery 309 serialnr 3999 microcat
** 
*END*
[from data line 37021]
  0.4653, 2.86405,  186.669, 05 May 2006, 13:40:01
  0.4801, 2.86416,  186.651, 05 May 2006, 13:50:01
  0.4961, 2.86622,  186.669, 05 May 2006, 14:00:01
  0.4909, 2.86587,  186.686, 05 May 2006, 14:10:01
  0.4761, 2.86503,  186.686, 05 May 2006, 14:20:01
  0.4653, 2.86403,  186.669, 05 May 2006, 14:30:01
  0.4449, 2.86221,  186.651, 05 May 2006, 14:40:01
  0.4113, 2.85883,  186.651, 05 May 2006, 14:50:01
  0.3817, 2.85521,  186.633, 05 May 2006, 15:00:01
  0.3770, 2.85418,  186.633, 05 May 2006, 15:10:01
  0.4008, 2.85567,  186.615, 05 May 2006, 15:20:01
  0.3778, 2.85469,  186.598, 05 May 2006, 15:30:01
  0.3892, 2.85500,  186.580, 05 May 2006, 15:40:01
  0.3224, 2.84921,  186.562, 05 May 2006, 15:50:01
  0.2972, 2.84580,  186.544, 05 May 2006, 16:00:01
  0.3033, 2.84609,  186.509, 05 May 2006, 16:10:01
  0.2946, 2.84531,  186.473, 05 May 2006, 16:20:01
  0.2970, 2.84565,  186.455, 05 May 2006, 16:30:01
  0.2788, 2.84393,  186.438, 05 May 2006, 16:40:01
  0.2496, 2.84200,  186.402, 05 May 2006, 16:50:01
  0.2883, 2.84408,  186.384, 05 May 2006, 17:00:01
  0.2538, 2.84370,  186.367, 05 May 2006, 17:10:01
  0.2406, 2.84070,  186.331, 05 May 2006, 17:20:01
  0.2238, 2.83983,  186.313, 05 May 2006, 17:30:01
  0.2214, 2.83659,  186.278, 05 May 2006, 17:40:01
  0.2747, 2.84278,  186.260, 05 May 2006, 17:50:01
  0.2283, 2.83979,  186.242, 05 May 2006, 18:00:01
  0.2129, 2.83739,  186.207, 05 May 2006, 18:10:01
  0.2176, 2.83770,  186.189, 05 May 2006, 18:20:01
  0.2118, 2.83702,  186.171, 05 May 2006, 18:30:01
  0.1912, 2.83466,  186.153, 05 May 2006, 18:40:01
  0.1972, 2.83521,  186.136, 05 May 2006, 18:50:01
  0.1705, 2.83354,  186.118, 05 May 2006, 19:00:01
  0.1838, 2.83342,  186.100, 05 May 2006, 19:10:01
  0.1536, 2.83274,  186.100, 05 May 2006, 19:20:01
  0.0607, 2.82181,  186.100, 05 May 2006, 19:30:01
  0.0959, 2.82413,  186.082, 05 May 2006, 19:40:01
  0.1154, 2.82464,  186.082, 05 May 2006, 19:50:01
  0.1275, 2.82715,  186.065, 05 May 2006, 20:00:01
  0.1224, 2.82723,  186.082, 05 May 2006, 20:10:01
  0.1269, 2.82697,  186.100, 05 May 2006, 20:20:01
  0.1193, 2.82713,  186.100, 05 May 2006, 20:30:01
  0.1129, 2.82647,  186.100, 05 May 2006, 20:40:01
  0.0492, 2.82215,  186.118, 05 May 2006, 20:50:01
  0.0447, 2.82080,  186.153, 05 May 2006, 21:00:01
  0.0410, 2.81988,  186.153, 05 May 2006, 21:10:01
  0.0175, 2.81826,  186.189, 05 May 2006, 21:20:01
  0.0145, 2.81741,  186.207, 05 May 2006, 21:30:01
 -0.0097, 2.81580,  186.207, 05 May 2006, 21:40:01
 -0.0130, 2.81411,  186.260, 05 May 2006, 21:50:01
 -0.0319, 2.81156,  186.260, 05 May 2006, 22:00:01
 -0.0554, 2.80883,  186.313, 05 May 2006, 22:10:01
 -0.0729, 2.80674,  186.331, 05 May 2006, 22:20:01
 -0.0721, 2.80640,  186.367, 05 May 2006, 22:30:01
 -0.0778, 2.80568,  186.402, 05 May 2006, 22:40:01
 -0.0919, 2.80433,  186.438, 05 May 2006, 22:50:01
 -0.1022, 2.80340,  186.473, 05 May 2006, 23:00:01
 -0.1027, 2.80316,  186.509, 05 May 2006, 23:10:02
 -0.1101, 2.80247,  186.544, 05 May 2006, 23:20:02
 -0.1118, 2.80210,  186.580, 05 May 2006, 23:30:02
 -0.1129, 2.80201,  186.615, 05 May 2006, 23:40:02
 -0.1148, 2.80192,  186.633, 05 May 2006, 23:50:02
 -0.1254, 2.80088,  186.686, 06 May 2006, 00:00:02
 -0.1386, 2.80005,  186.704, 06 May 2006, 00:10:02
 -0.1448, 2.79910,  186.740, 06 May 2006, 00:20:02
 -0.1530, 2.79846,  186.793, 06 May 2006, 00:30:02
 -0.1585, 2.79778,  186.811, 06 May 2006, 00:40:02
 -0.1703, 2.79663,  186.846, 06 May 2006, 00:50:02
 -0.1779, 2.79587,  186.864, 06 May 2006, 01:00:02
 -0.2002, 2.79479,  186.882, 06 May 2006, 01:10:02
 -0.1985, 2.79378,  186.917, 06 May 2006, 01:20:02
 -0.2057, 2.79328,  186.935, 06 May 2006, 01:30:02
 -0.2119, 2.79257,  186.935, 06 May 2006, 01:40:02
 -0.2198, 2.79171,  186.953, 06 May 2006, 01:50:02
 -0.2275, 2.79094,  186.971, 06 May 2006, 02:00:02
 -0.2263, 2.79089,  186.988, 06 May 2006, 02:10:02
 -0.2348, 2.79037,  186.988, 06 May 2006, 02:20:02
 -0.2436, 2.78956,  186.988, 06 May 2006, 02:30:02
 -0.2483, 2.78911,  186.988, 06 May 2006, 02:40:02
 -0.2485, 2.78896,  186.988, 06 May 2006, 02:50:02
 -0.2527, 2.78873,  186.971, 06 May 2006, 03:00:02
 -0.2527, 2.78864,  186.971, 06 May 2006, 03:10:02
 -0.2560, 2.78818,  186.971, 06 May 2006, 03:20:02
 -0.2589, 2.78799,  186.953, 06 May 2006, 03:30:02
 -0.2611, 2.78764,  186.935, 06 May 2006, 03:40:02
 -0.2658, 2.78734,  186.917, 06 May 2006, 03:50:02
 -0.2668, 2.78720,  186.900, 06 May 2006, 04:00:02
 -0.2684, 2.78703,  186.864, 06 May 2006, 04:10:02
 -0.2729, 2.78663,  186.846, 06 May 2006, 04:20:02
 -0.2762, 2.78625,  186.811, 06 May 2006, 04:30:02
 -0.2787, 2.78601,  186.775, 06 May 2006, 04:40:02
 -0.2850, 2.78540,  186.740, 06 May 2006, 04:50:02
 -0.2847, 2.78528,  186.722, 06 May 2006, 05:00:02
 -0.2863, 2.78520,  186.669, 06 May 2006, 05:10:02
 -0.2871, 2.78508,  186.633, 06 May 2006, 05:20:02
 -0.2863, 2.78505,  186.598, 06 May 2006, 05:30:02
 -0.2865, 2.78505,  186.562, 06 May 2006, 05:40:01
 -0.2859, 2.78507,  186.526, 06 May 2006, 05:50:01
 -0.2851, 2.78511,  186.491, 06 May 2006, 06:00:01
 -0.2866, 2.78510,  186.438, 06 May 2006, 06:10:01
 -0.2851, 2.78512,  186.402, 06 May 2006, 06:20:01
 -0.2818, 2.78531,  186.367, 06 May 2006, 06:30:01
 -0.2827, 2.78529,  186.313, 06 May 2006, 06:40:01
 -0.2824, 2.78531,  186.278, 06 May 2006, 06:50:01
 -0.2841, 2.78522,  186.260, 06 May 2006, 07:00:01
 -0.2837, 2.78520,  186.224, 06 May 2006, 07:10:01
 -0.2813, 2.78534,  186.189, 06 May 2006, 07:20:01
 -0.2840, 2.78521,  186.153, 06 May 2006, 07:30:01
 -0.2840, 2.78518,  186.136, 06 May 2006, 07:40:01
 -0.2843, 2.78521,  186.100, 06 May 2006, 07:50:01
 -0.2828, 2.78528,  186.082, 06 May 2006, 08:00:01
 -0.2819, 2.78535,  186.047, 06 May 2006, 08:10:01
 -0.2801, 2.78544,  186.029, 06 May 2006, 08:20:01
 -0.2785, 2.78560,  186.011, 06 May 2006, 08:30:01
 -0.2770, 2.78576,  185.994, 06 May 2006, 08:40:01
 -0.2749, 2.78591,  185.994, 06 May 2006, 08:50:01
 -0.2681, 2.78661,  185.976, 06 May 2006, 09:00:01
 -0.2658, 2.78692,  185.976, 06 May 2006, 09:10:01
 -0.2652, 2.78703,  185.976, 06 May 2006, 09:20:01
 -0.2630, 2.78724,  185.958, 06 May 2006, 09:30:01
 -0.2621, 2.78738,  185.976, 06 May 2006, 09:40:01
 -0.2607, 2.78744,  185.976, 06 May 2006, 09:50:01
 -0.2579, 2.78769,  185.976, 06 May 2006, 10:00:01
 -0.2588, 2.78769,  185.994, 06 May 2006, 10:10:01
 -0.2570, 2.78788,  186.011, 06 May 2006, 10:20:01
 -0.2552, 2.78805,  186.029, 06 May 2006, 10:30:01
 -0.2540, 2.78813,  186.029, 06 May 2006, 10:40:01
 -0.2531, 2.78823,  186.065, 06 May 2006, 10:50:01
 -0.2522, 2.78833,  186.065, 06 May 2006, 11:00:01
 -0.2510, 2.78848,  186.100, 06 May 2006, 11:10:01
 -0.2507, 2.78859,  186.118, 06 May 2006, 11:20:01
 -0.2503, 2.78859,  186.153, 06 May 2006, 11:30:01
 -0.2494, 2.78864,  186.189, 06 May 2006, 11:40:01
 -0.2477, 2.78874,  186.207, 06 May 2006, 11:50:01
 -0.2495, 2.78874,  186.224, 06 May 2006, 12:00:01
 -0.2487, 2.78873,  186.260, 06 May 2006, 12:10:01
 -0.2492, 2.78876,  186.296, 06 May 2006, 12:20:01
 -0.2473, 2.78876,  186.313, 06 May 2006, 12:30:01
 -0.2484, 2.78872,  186.349, 06 May 2006, 12:40:01
 -0.2482, 2.78877,  186.384, 06 May 2006, 12:50:01
 -0.2488, 2.78884,  186.402, 06 May 2006, 13:00:01
 -0.2476, 2.78880,  186.438, 06 May 2006, 13:10:01
 -0.2502, 2.78872,  186.473, 06 May 2006, 13:20:01
 -0.2530, 2.78852,  186.491, 06 May 2006, 13:30:01
 -0.2538, 2.78844,  186.509, 06 May 2006, 13:40:01
 -0.2549, 2.78832,  186.544, 06 May 2006, 13:50:01
 -0.2538, 2.78833,  186.580, 06 May 2006, 14:00:01
 -0.2530, 2.78841,  186.598, 06 May 2006, 14:10:01
 -0.2554, 2.78825,  186.615, 06 May 2006, 14:20:01
 -0.2572, 2.78816,  186.633, 06 May 2006, 14:30:01
 -0.2563, 2.78799,  186.633, 06 May 2006, 14:40:01
 -0.2606, 2.78774,  186.669, 06 May 2006, 14:50:01
 -0.2639, 2.78748,  186.669, 06 May 2006, 15:00:01
 -0.2717, 2.78665,  186.686, 06 May 2006, 15:10:01
 -0.2773, 2.78597,  186.704, 06 May 2006, 15:20:01
 -0.2967, 2.78497,  186.686, 06 May 2006, 15:30:01
 -0.2920, 2.78431,  186.686, 06 May 2006, 15:40:01
 -0.3164, 2.78307,  186.686, 06 May 2006, 15:50:01
 -0.2021, 2.78887,  186.686, 06 May 2006, 16:00:01
 -0.1498, 2.79478,  186.686, 06 May 2006, 16:10:01
 -0.0966, 2.79985,  186.686, 06 May 2006, 16:20:01
 -0.0583, 2.80272,  186.669, 06 May 2006, 16:30:01
 -0.0373, 2.80643,  186.651, 06 May 2006, 16:40:01
 -0.0279, 2.81179,  186.633, 06 May 2006, 16:50:01
 -0.0169, 2.81292,  186.633, 06 May 2006, 17:00:01
  0.0367, 2.81759,  186.598, 06 May 2006, 17:10:01
  0.0934, 2.82207,  186.580, 06 May 2006, 17:20:01
  0.1270, 2.82610,  186.562, 06 May 2006, 17:30:01
  0.1498, 2.82808,  186.544, 06 May 2006, 17:40:01
  0.1817, 2.83096,  186.544, 06 May 2006, 17:50:01
  0.2195, 2.83616,  186.491, 06 May 2006, 18:00:01
  0.2225, 2.83752,  186.473, 06 May 2006, 18:10:01
  0.2253, 2.83823,  186.438, 06 May 2006, 18:20:01
  0.2452, 2.84001,  186.420, 06 May 2006, 18:30:01
  0.2534, 2.84102,  186.402, 06 May 2006, 18:40:01
  0.2495, 2.84115,  186.367, 06 May 2006, 18:50:01
  0.2454, 2.84098,  186.313, 06 May 2006, 19:00:01
  0.2419, 2.84057,  186.296, 06 May 2006, 19:10:01
  0.2385, 2.84006,  186.278, 06 May 2006, 19:20:01
  0.2342, 2.83992,  186.260, 06 May 2006, 19:30:01
  0.2283, 2.83959,  186.224, 06 May 2006, 19:40:01
  0.2199, 2.83892,  186.207, 06 May 2006, 19:50:01
  0.2231, 2.83906,  186.171, 06 May 2006, 20:00:01
  0.2256, 2.83921,  186.153, 06 May 2006, 20:10:01
  0.2260, 2.83923,  186.136, 06 May 2006, 20:20:01
  0.2273, 2.83935,  186.136, 06 May 2006, 20:30:01
  0.2288, 2.83946,  186.118, 06 May 2006, 20:40:01
  0.2272, 2.83940,  186.100, 06 May 2006, 20:50:01
  0.2258, 2.83927,  186.100, 06 May 2006, 21:00:01
  0.2268, 2.83931,  186.065, 06 May 2006, 21:10:01
  0.2279, 2.83941,  186.082, 06 May 2006, 21:20:01
  0.2281, 2.83947,  186.065, 06 May 2006, 21:30:01
  0.2241, 2.83934,  186.082, 06 May 2006, 21:40:01
  0.2198, 2.83897,  186.082, 06 May 2006, 21:50:01
  0.2158, 2.83842,  186.100, 06 May 2006, 22:00:01
  0.2104, 2.83816,  186.118, 06 May 2006, 22:10:02
  0.2063, 2.83771,  186.118, 06 May 2006, 22:20:02
  0.2107, 2.83770,  186.136, 06 May 2006, 22:30:02
  0.2150, 2.83807,  186.153, 06 May 2006, 22:40:02
  0.2225, 2.83867,  186.189, 06 May 2006, 22:50:02
  0.2246, 2.83899,  186.189, 06 May 2006, 23:00:02
  0.2303, 2.83916,  186.224, 06 May 2006, 23:10:02
  0.2484, 2.84083,  186.242, 06 May 2006, 23:20:02
  0.2561, 2.84164,  186.278, 06 May 2006, 23:30:02
  0.2607, 2.84218,  186.313, 06 May 2006, 23:40:02
  0.2666, 2.84296,  186.349, 06 May 2006, 23:50:02
  0.3040, 2.84544,  186.367, 07 May 2006, 00:00:02
  0.3140, 2.84733,  186.420, 07 May 2006, 00:10:02
  0.3358, 2.84917,  186.438, 07 May 2006, 00:20:02
  0.3476, 2.84987,  186.473, 07 May 2006, 00:30:02
  0.3861, 2.85268,  186.526, 07 May 2006, 00:40:02
  0.3998, 2.85508,  186.562, 07 May 2006, 00:50:02
  0.4083, 2.85601,  186.598, 07 May 2006, 01:00:02
  0.4259, 2.85756,  186.633, 07 May 2006, 01:10:02
  0.4346, 2.85852,  186.669, 07 May 2006, 01:20:02
  0.4430, 2.85949,  186.704, 07 May 2006, 01:30:02
  0.4370, 2.86020,  186.740, 07 May 2006, 01:40:02
  0.4388, 2.86079,  186.757, 07 May 2006, 01:50:02
  0.4417, 2.86126,  186.793, 07 May 2006, 02:00:02
  0.4489, 2.86157,  186.846, 07 May 2006, 02:10:02
  0.4677, 2.86283,  186.846, 07 May 2006, 02:20:02
  0.4987, 2.86324,  186.882, 07 May 2006, 02:30:02
  0.5308, 2.86807,  186.900, 07 May 2006, 02:40:02
  0.5543, 2.87147,  186.917, 07 May 2006, 02:50:02
  0.5746, 2.87331,  186.953, 07 May 2006, 03:00:02
  0.6265, 2.87864,  186.971, 07 May 2006, 03:10:02
  0.6927, 2.88321,  186.988, 07 May 2006, 03:20:02
  0.7322, 2.88833,  186.971, 07 May 2006, 03:30:02
  0.7805, 2.89243,  187.006, 07 May 2006, 03:40:02
  0.8023, 2.89574,  186.988, 07 May 2006, 03:50:02
  0.8039, 2.89701,  187.006, 07 May 2006, 04:00:02
  0.7981, 2.89676,  187.006, 07 May 2006, 04:10:02
  0.8222, 2.89777,  186.988, 07 May 2006, 04:20:02
  0.8319, 2.89934,  186.971, 07 May 2006, 04:30:02
  0.8704, 2.90229,  186.971, 07 May 2006, 04:40:02
  0.8674, 2.90273,  186.935, 07 May 2006, 04:50:02
  0.8456, 2.90193,  186.935, 07 May 2006, 05:00:02
  0.8410, 2.90063,  186.917, 07 May 2006, 05:10:02
  0.8247, 2.90041,  186.882, 07 May 2006, 05:20:01
  0.8029, 2.89861,  186.846, 07 May 2006, 05:30:01
  0.8120, 2.89869,  186.811, 07 May 2006, 05:40:01
  0.8102, 2.89938,  186.775, 07 May 2006, 05:50:01
  0.8045, 2.89920,  186.757, 07 May 2006, 06:00:01
  0.8031, 2.89823,  186.722, 07 May 2006, 06:10:01
  0.8202, 2.89871,  186.686, 07 May 2006, 06:20:01
  0.8209, 2.89943,  186.633, 07 May 2006, 06:30:01
  0.8213, 2.90022,  186.598, 07 May 2006, 06:40:01
  0.8285, 2.90137,  186.544, 07 May 2006, 06:50:01
  0.8382, 2.90205,  186.509, 07 May 2006, 07:00:01
  0.8448, 2.90284,  186.455, 07 May 2006, 07:10:01
  0.8466, 2.90286,  186.402, 07 May 2006, 07:20:01
  0.8448, 2.90303,  186.367, 07 May 2006, 07:30:01
  0.8519, 2.90351,  186.313, 07 May 2006, 07:40:01
  0.8591, 2.90389,  186.296, 07 May 2006, 07:50:01
  0.8806, 2.90687,  186.242, 07 May 2006, 08:00:01
  0.8793, 2.90722,  186.224, 07 May 2006, 08:10:01
  0.8779, 2.90706,  186.171, 07 May 2006, 08:20:01
  0.8825, 2.90696,  186.136, 07 May 2006, 08:30:01
  0.9055, 2.90846,  186.100, 07 May 2006, 08:40:01
  0.9228, 2.91112,  186.065, 07 May 2006, 08:50:01
  0.9253, 2.91175,  186.047, 07 May 2006, 09:00:01
  0.9048, 2.91016,  186.011, 07 May 2006, 09:10:01
  0.9320, 2.91184,  185.976, 07 May 2006, 09:20:01
  0.9344, 2.91267,  185.976, 07 May 2006, 09:30:01
  0.9308, 2.91223,  185.958, 07 May 2006, 09:40:01
  0.9465, 2.91397,  185.940, 07 May 2006, 09:50:01
  0.9682, 2.91573,  185.940, 07 May 2006, 10:00:01
  0.9795, 2.91658,  185.923, 07 May 2006, 10:10:01
  0.9681, 2.91627,  185.905, 07 May 2006, 10:20:01
  0.9942, 2.91853,  185.923, 07 May 2006, 10:30:01
  1.0038, 2.91978,  185.923, 07 May 2006, 10:40:01
  1.0080, 2.92021,  185.905, 07 May 2006, 10:50:01
  1.0237, 2.92164,  185.923, 07 May 2006, 11:00:01
  1.0246, 2.92190,  185.940, 07 May 2006, 11:10:01
  1.0259, 2.92215,  185.940, 07 May 2006, 11:20:01
  1.0266, 2.92232,  185.940, 07 May 2006, 11:30:01
  1.0278, 2.92240,  185.976, 07 May 2006, 11:40:01
  1.0299, 2.92262,  186.011, 07 May 2006, 11:50:01
  1.0315, 2.92295,  186.011, 07 May 2006, 12:00:01
  1.0379, 2.92338,  186.065, 07 May 2006, 12:10:01
  1.0385, 2.92342,  186.082, 07 May 2006, 12:20:01
  1.0397, 2.92353,  186.100, 07 May 2006, 12:30:01
  1.0439, 2.92388,  186.153, 07 May 2006, 12:40:01
  1.0434, 2.92402,  186.171, 07 May 2006, 12:50:01
  1.0402, 2.92382,  186.207, 07 May 2006, 13:00:01
  1.0333, 2.92331,  186.260, 07 May 2006, 13:10:01
  1.0312, 2.92308,  186.296, 07 May 2006, 13:20:01
  1.0259, 2.92263,  186.331, 07 May 2006, 13:30:01
  1.0226, 2.92233,  186.349, 07 May 2006, 13:40:01
  1.0190, 2.92190,  186.420, 07 May 2006, 13:50:01
  1.0151, 2.92183,  186.455, 07 May 2006, 14:00:01
  1.0017, 2.92033,  186.491, 07 May 2006, 14:10:01
  0.9995, 2.92035,  186.526, 07 May 2006, 14:20:01
  0.9932, 2.91980,  186.580, 07 May 2006, 14:30:01
  0.9800, 2.91968,  186.615, 07 May 2006, 14:40:01
  0.9738, 2.91789,  186.633, 07 May 2006, 14:50:01
  1.0139, 2.91995,  186.669, 07 May 2006, 15:00:01
  1.0168, 2.92106,  186.704, 07 May 2006, 15:10:01
  1.0165, 2.92120,  186.722, 07 May 2006, 15:20:01
  1.0174, 2.92130,  186.740, 07 May 2006, 15:30:01
  1.0166, 2.92130,  186.775, 07 May 2006, 15:40:01
  1.0155, 2.92118,  186.793, 07 May 2006, 15:50:01
  1.0145, 2.92109,  186.829, 07 May 2006, 16:00:01
  1.0133, 2.92104,  186.829, 07 May 2006, 16:10:01
  1.0114, 2.92089,  186.846, 07 May 2006, 16:20:01
  1.0103, 2.92074,  186.846, 07 May 2006, 16:30:01
  1.0080, 2.92055,  186.846, 07 May 2006, 16:40:01
  1.0048, 2.92039,  186.846, 07 May 2006, 16:50:01
  1.0038, 2.92007,  186.846, 07 May 2006, 17:00:01
  1.0060, 2.92019,  186.811, 07 May 2006, 17:10:01
  1.0051, 2.92020,  186.846, 07 May 2006, 17:20:01
  1.0003, 2.91994,  186.829, 07 May 2006, 17:30:01
  0.9970, 2.91958,  186.829, 07 May 2006, 17:40:01
