Data_test/SBE/microcatifremer3999.asc
* Sea-Bird SBE37 Data File:
* FileName = C:\Program Files\Sea-Bird\Seaterm\microcatifremer3999.asc
* Software Version 1.50
* Temperature SN = 3999
* Conductivity SN = 3999
* System UpLoad Time = Aug 26 2006 14:05:59
** recovery 309 serialnr 3999 microcat
** 
*END*
[from data line 53021]
  2.8006, 3.08638,  185.923, 24 Aug 2006, 16:20:02
  2.8067, 3.08708,  185.976, 24 Aug 2006, 16:30:02
  2.8121, 3.08758,  186.065, 24 Aug 2006, 16:40:02
  2.8178, 3.08777,  186.136, 24 Aug 2006, 16:50:02
  2.8296, 3.08883,  186.242, 24 Aug 2006, 17:00:02
  2.8365, 3.08977,  186.331, 24 Aug 2006, 17:10:02
  2.8440, 3.09054,  186.420, 24 Aug 2006, 17:20:02
  2.8547, 3.09138,  186.509, 24 Aug 2006, 17:30:02
  2.8687, 3.09288,  186.598, 24 Aug 2006, 17:40:02
  2.8753, 3.09388,  186.704, 24 Aug 2006, 17:50:02
  2.8853, 3.09460,  186.793, 24 Aug 2006, 18:00:02
  2.8933, 3.09541,  186.882, 24 Aug 2006, 18:10:02
  2.8949, 3.09579,  186.971, 24 Aug 2006, 18:20:02
  2.8961, 3.09607,  187.042, 24 Aug 2006, 18:30:02
  2.9095, 3.09652,  187.148, 24 Aug 2006, 18:40:02
  3.0000, 3.10503,  187.219, 24 Aug 2006, 18:50:02
  3.0425, 3.10910,  187.290, 24 Aug 2006, 19:00:02
  3.0808, 3.11597,  187.361, 24 Aug 2006, 19:10:02
  3.1006, 3.11820,  187.433, 24 Aug 2006, 19:20:02
  3.1111, 3.12048,  187.486, 24 Aug 2006, 19:30:02
  3.1141, 3.12080,  187.539, 24 Aug 2006, 19:40:02
  3.1377, 3.12222,  187.592, 24 Aug 2006, 19:50:02
  3.1503, 3.12378,  187.628, 24 Aug 2006, 20:00:02
  3.1557, 3.12464,  187.663, 24 Aug 2006, 20:10:02
  3.1604, 3.12615,  187.699, 24 Aug 2006, 20:20:02
  3.1448, 3.12583,  187.699, 24 Aug 2006, 20:30:02
  3.1378, 3.12477,  187.699, 24 Aug 2006, 20:40:02
  3.1604, 3.12514,  187.699, 24 Aug 2006, 20:50:02
  3.2370, 3.13185,  187.699, 24 Aug 2006, 21:00:02
  3.2435, 3.13321,  187.681, 24 Aug 2006, 21:10:02
  3.2607, 3.13559,  187.663, 24 Aug 2006, 21:20:02
  3.2807, 3.13746,  187.628, 24 Aug 2006, 21:30:02
  3.2664, 3.13815,  187.592, 24 Aug 2006, 21:40:02
  3.2696, 3.13763,  187.557, 24 Aug 2006, 21:50:02
  3.2854, 3.14001,  187.504, 24 Aug 2006, 22:00:02
  3.2860, 3.14136,  187.450, 24 Aug 2006, 22:10:02
  3.2439, 3.13820,  187.397, 24 Aug 2006, 22:20:02
  3.2628, 3.13894,  187.308, 24 Aug 2006, 22:30:02
  3.2722, 3.13941,  187.237, 24 Aug 2006, 22:40:02
  3.2800, 3.14079,  187.166, 24 Aug 2006, 22:50:02
  3.2703, 3.13976,  187.077, 24 Aug 2006, 23:00:02
  3.2727, 3.14012,  187.006, 24 Aug 2006, 23:10:02
  3.2795, 3.14047,  186.917, 24 Aug 2006, 23:20:02
  3.2800, 3.14086,  186.829, 24 Aug 2006, 23:30:02
  3.2766, 3.14043,  186.740, 24 Aug 2006, 23:40:02
  3.2719, 3.14007,  186.633, 24 Aug 2006, 23:50:02
  3.2856, 3.14146,  186.544, 25 Aug 2006, 00:00:02
  3.2712, 3.14058,  186.438, 25 Aug 2006, 00:10:02
  3.2554, 3.13804,  186.349, 25 Aug 2006, 00:20:02
  3.2528, 3.13769,  186.260, 25 Aug 2006, 00:30:01
  3.2587, 3.13842,  186.171, 25 Aug 2006, 00:40:01
  3.2477, 3.13728,  186.082, 25 Aug 2006, 00:50:01
  3.2496, 3.13718,  186.011, 25 Aug 2006, 01:00:01
  3.2386, 3.13619,  185.923, 25 Aug 2006, 01:10:01
  3.2339, 3.13576,  185.851, 25 Aug 2006, 01:20:01
  3.2379, 3.13574,  185.780, 25 Aug 2006, 01:30:01
  3.2414, 3.13626,  185.709, 25 Aug 2006, 01:40:01
  3.2339, 3.13522,  185.656, 25 Aug 2006, 01:50:01
  3.2325, 3.13517,  185.621, 25 Aug 2006, 02:00:01
  3.2176, 3.13355,  185.585, 25 Aug 2006, 02:10:01
  3.1977, 3.13122,  185.549, 25 Aug 2006, 02:20:01
  3.1706, 3.12885,  185.514, 25 Aug 2006, 02:30:01
  3.1524, 3.12593,  185.496, 25 Aug 2006, 02:40:01
  3.1328, 3.12358,  185.478, 25 Aug 2006, 02:50:01
  3.1021, 3.11997,  185.461, 25 Aug 2006, 03:00:01
  3.0880, 3.11810,  185.478, 25 Aug 2006, 03:10:01
  3.0279, 3.11158,  185.496, 25 Aug 2006, 03:20:01
  3.0058, 3.10924,  185.496, 25 Aug 2006, 03:30:01
  2.9984, 3.10813,  185.532, 25 Aug 2006, 03:40:01
  2.9868, 3.10692,  185.567, 25 Aug 2006, 03:50:01
  2.9445, 3.10297,  185.603, 25 Aug 2006, 04:00:01
  2.9230, 3.09957,  185.656, 25 Aug 2006, 04:10:01
  2.9664, 3.10367,  185.709, 25 Aug 2006, 04:20:01
  2.9586, 3.10407,  185.763, 25 Aug 2006, 04:30:01
  2.9389, 3.10189,  185.834, 25 Aug 2006, 04:40:01
  2.9419, 3.10141,  185.905, 25 Aug 2006, 04:50:01
  2.9200, 3.10071,  185.958, 25 Aug 2006, 05:00:01
  2.8846, 3.09614,  186.029, 25 Aug 2006, 05:10:01
  2.8654, 3.09380,  186.118, 25 Aug 2006, 05:20:01
  2.8511, 3.09255,  186.189, 25 Aug 2006, 05:30:01
  2.8465, 3.09131,  186.278, 25 Aug 2006, 05:40:01
  2.8521, 3.09185,  186.367, 25 Aug 2006, 05:50:01
  2.8571, 3.09262,  186.455, 25 Aug 2006, 06:00:01
  2.9042, 3.09479,  186.526, 25 Aug 2006, 06:10:01
  2.9316, 3.09789,  186.633, 25 Aug 2006, 06:20:01
  2.9442, 3.09970,  186.704, 25 Aug 2006, 06:30:01
  2.9473, 3.10126,  186.793, 25 Aug 2006, 06:40:01
  2.9474, 3.10172,  186.864, 25 Aug 2006, 06:50:01
  2.9456, 3.10188,  186.953, 25 Aug 2006, 07:00:01
  2.9431, 3.10179,  187.006, 25 Aug 2006, 07:10:01
  2.9457, 3.10190,  187.077, 25 Aug 2006, 07:20:01
  2.9494, 3.10234,  187.148, 25 Aug 2006, 07:30:01
  2.9585, 3.10285,  187.202, 25 Aug 2006, 07:40:01
  2.9674, 3.10364,  187.255, 25 Aug 2006, 07:50:01
  2.9585, 3.10328,  187.308, 25 Aug 2006, 08:00:01
  2.9944, 3.10525,  187.326, 25 Aug 2006, 08:10:01
  3.0036, 3.10740,  187.361, 25 Aug 2006, 08:20:01
  3.0030, 3.10788,  187.379, 25 Aug 2006, 08:30:01
  3.0225, 3.10968,  187.415, 25 Aug 2006, 08:40:01
  3.0347, 3.11158,  187.415, 25 Aug 2006, 08:50:01
  3.0250, 3.11158,  187.433, 25 Aug 2006, 09:00:01
  3.0198, 3.11096,  187.433, 25 Aug 2006, 09:10:01
  3.0111, 3.11012,  187.415, 25 Aug 2006, 09:20:01
  3.0050, 3.10967,  187.397, 25 Aug 2006, 09:30:01
  3.0049, 3.10932,  187.361, 25 Aug 2006, 09:40:01
  3.0040, 3.10930,  187.344, 25 Aug 2006, 09:50:01
  2.9966, 3.10888,  187.308, 25 Aug 2006, 10:00:01
  2.9958, 3.10830,  187.255, 25 Aug 2006, 10:10:01
  2.9903, 3.10721,  187.219, 25 Aug 2006, 10:20:01
  2.9671, 3.10536,  187.166, 25 Aug 2006, 10:30:01
  2.9482, 3.10407,  187.095, 25 Aug 2006, 10:40:01
  2.9590, 3.10317,  187.024, 25 Aug 2006, 10:50:01
  2.9603, 3.10439,  186.953, 25 Aug 2006, 11:00:01
  2.9577, 3.10396,  186.882, 25 Aug 2006, 11:10:01
  2.9519, 3.10285,  186.793, 25 Aug 2006, 11:20:01
  2.9453, 3.10285,  186.704, 25 Aug 2006, 11:30:01
  2.9126, 3.10051,  186.633, 25 Aug 2006, 11:40:01
  2.9142, 3.09859,  186.544, 25 Aug 2006, 11:50:01
  2.7696, 3.09196,  186.455, 25 Aug 2006, 12:00:01
  2.3849, 3.05158,  186.367, 25 Aug 2006, 12:10:01
  2.5361, 3.04279,  186.278, 25 Aug 2006, 12:20:01
  2.2099, 3.04963,  186.207, 25 Aug 2006, 12:30:01
  2.6362, 3.06727,  186.100, 25 Aug 2006, 12:40:01
  2.3043, 3.03851,  186.047, 25 Aug 2006, 12:50:01
  2.2982, 3.03592,  185.940, 25 Aug 2006, 13:00:01
  2.2209, 3.02758,  185.869, 25 Aug 2006, 13:10:01
  2.3786, 3.03856,  185.780, 25 Aug 2006, 13:20:01
  1.9990, 3.01466,  185.745, 25 Aug 2006, 13:30:01
  2.0061, 3.00143,  185.674, 25 Aug 2006, 13:40:01
  1.9531, 2.99874,  185.621, 25 Aug 2006, 13:50:01
  1.9425, 2.99632,  185.567, 25 Aug 2006, 14:00:01
  1.9283, 2.99534,  185.514, 25 Aug 2006, 14:10:01
  1.9490, 2.99629,  185.496, 25 Aug 2006, 14:20:01
  1.9565, 2.99695,  185.461, 25 Aug 2006, 14:30:01
  1.9779, 2.99853,  185.443, 25 Aug 2006, 14:40:01
  1.9901, 3.00007,  185.425, 25 Aug 2006, 14:50:01
  1.9731, 2.99900,  185.425, 25 Aug 2006, 15:00:01
  1.9482, 2.99621,  185.425, 25 Aug 2006, 15:10:01
  1.9099, 2.99167,  185.425, 25 Aug 2006, 15:20:01
  1.9242, 2.99395,  185.461, 25 Aug 2006, 15:30:01
  1.9484, 2.99592,  185.478, 25 Aug 2006, 15:40:01
  1.8116, 2.98846,  185.514, 25 Aug 2006, 15:50:01
  1.8215, 2.98356,  185.549, 25 Aug 2006, 16:00:01
  1.8737, 2.98601,  185.603, 25 Aug 2006, 16:10:01
  1.8708, 2.98818,  185.656, 25 Aug 2006, 16:20:01
  1.8922, 2.98984,  185.727, 25 Aug 2006, 16:30:01
  1.8912, 2.99086,  185.780, 25 Aug 2006, 16:40:01
  1.9109, 2.99192,  185.851, 25 Aug 2006, 16:50:01
  1.8709, 2.99091,  185.940, 25 Aug 2006, 17:00:01
  1.8940, 2.99075,  186.011, 25 Aug 2006, 17:10:01
  1.8957, 2.99079,  186.100, 25 Aug 2006, 17:20:01
  1.8909, 2.99083,  186.189, 25 Aug 2006, 17:30:01
  1.8916, 2.99041,  186.278, 25 Aug 2006, 17:40:01
  1.8798, 2.98998,  186.367, 25 Aug 2006, 17:50:01
  1.8908, 2.99044,  186.455, 25 Aug 2006, 18:00:01
  1.8885, 2.99041,  186.544, 25 Aug 2006, 18:10:01
  1.8854, 2.99021,  186.633, 25 Aug 2006, 18:20:01
  1.8829, 2.98969,  186.740, 25 Aug 2006, 18:30:01
  1.8935, 2.99055,  186.829, 25 Aug 2006, 18:40:01
  1.8884, 2.99040,  186.917, 25 Aug 2006, 18:50:01
  1.8736, 2.98939,  187.006, 25 Aug 2006, 19:00:01
  1.8545, 2.98812,  187.095, 25 Aug 2006, 19:10:01
  1.8197, 2.98662,  187.166, 25 Aug 2006, 19:20:02
  1.7678, 2.98117,  187.237, 25 Aug 2006, 19:30:02
  1.7340, 2.97642,  187.308, 25 Aug 2006, 19:40:02
  1.7335, 2.97525,  187.361, 25 Aug 2006, 19:50:02
  1.7274, 2.97465,  187.415, 25 Aug 2006, 20:00:02
  1.6151, 2.96646,  187.486, 25 Aug 2006, 20:10:02
  1.5403, 2.95835,  187.521, 25 Aug 2006, 20:20:02
  1.5290, 2.95582,  187.557, 25 Aug 2006, 20:30:02
  1.5184, 2.95491,  187.575, 25 Aug 2006, 20:40:02
  1.5622, 2.95805,  187.592, 25 Aug 2006, 20:50:02
  1.5812, 2.96117,  187.610, 25 Aug 2006, 21:00:02
  1.5098, 2.95756,  187.628, 25 Aug 2006, 21:10:02
  1.4618, 2.95037,  187.628, 25 Aug 2006, 21:20:02
  1.4518, 2.94859,  187.610, 25 Aug 2006, 21:30:02
  1.4472, 2.94806,  187.592, 25 Aug 2006, 21:40:02
  1.4280, 2.94680,  187.575, 25 Aug 2006, 21:50:02
  1.3846, 2.94290,  187.539, 25 Aug 2006, 22:00:02
  1.3980, 2.94254,  187.504, 25 Aug 2006, 22:10:02
  1.4719, 2.94879,  187.450, 25 Aug 2006, 22:20:02
  1.4935, 2.95226,  187.397, 25 Aug 2006, 22:30:02
  1.5677, 2.95824,  187.344, 25 Aug 2006, 22:40:02
  1.5960, 2.96261,  187.273, 25 Aug 2006, 22:50:02
  1.6031, 2.96354,  187.219, 25 Aug 2006, 23:00:02
  1.5975, 2.96339,  187.131, 25 Aug 2006, 23:10:02
  1.5887, 2.96289,  187.059, 25 Aug 2006, 23:20:02
  1.6641, 2.96637,  186.971, 25 Aug 2006, 23:30:02
  1.8626, 2.98865,  186.882, 25 Aug 2006, 23:40:02
  1.9596, 2.99930,  186.811, 25 Aug 2006, 23:50:02
  2.0236, 3.00384,  186.704, 26 Aug 2006, 00:00:02
  2.0952, 3.01029,  186.615, 26 Aug 2006, 00:10:02
  2.1306, 3.01581,  186.544, 26 Aug 2006, 00:20:02
  2.1283, 3.01663,  186.438, 26 Aug 2006, 00:30:02
  2.2230, 3.02255,  186.349, 26 Aug 2006, 00:40:02
  2.2130, 3.02507,  186.260, 26 Aug 2006, 00:50:02
  2.2113, 3.02471,  186.171, 26 Aug 2006, 01:00:02
  2.2133, 3.02512,  186.065, 26 Aug 2006, 01:10:02
  2.2401, 3.02676,  185.994, 26 Aug 2006, 01:20:02
  2.2235, 3.02626,  185.905, 26 Aug 2006, 01:30:02
  2.2293, 3.02598,  185.834, 26 Aug 2006, 01:40:02
  2.2330, 3.02666,  185.763, 26 Aug 2006, 01:50:02
  2.2399, 3.02780,  185.692, 26 Aug 2006, 02:00:02
  2.2768, 3.03111,  185.638, 26 Aug 2006, 02:10:02
  2.2806, 3.03112,  185.567, 26 Aug 2006, 02:20:02
  2.2643, 3.03060,  185.532, 26 Aug 2006, 02:30:02
  2.2752, 3.03043,  185.496, 26 Aug 2006, 02:40:02
  2.2853, 3.03131,  185.461, 26 Aug 2006, 02:50:02
  2.2898, 3.03214,  185.443, 26 Aug 2006, 03:00:02
  2.2904, 3.03223,  185.425, 26 Aug 2006, 03:10:02
  2.2914, 3.03219,  185.407, 26 Aug 2006, 03:20:02
  2.3034, 3.03306,  185.407, 26 Aug 2006, 03:30:02
  2.3072, 3.03347,  185.425, 26 Aug 2006, 03:40:02
  2.3042, 3.03348,  185.425, 26 Aug 2006, 03:50:02
  2.2926, 3.03250,  185.443, 26 Aug 2006, 04:00:02
  2.3008, 3.03284,  185.478, 26 Aug 2006, 04:10:02
  2.3162, 3.03372,  185.532, 26 Aug 2006, 04:20:02
  2.3243, 3.03506,  185.567, 26 Aug 2006, 04:30:02
  2.3186, 3.03490,  185.621, 26 Aug 2006, 04:40:02
  2.2901, 3.03303,  185.692, 26 Aug 2006, 04:50:02
  2.2812, 3.03173,  185.727, 26 Aug 2006, 05:00:02
  2.2713, 3.03114,  185.816, 26 Aug 2006, 05:10:02
  2.2716, 3.03062,  185.869, 26 Aug 2006, 05:20:02
  2.2845, 3.03142,  185.958, 26 Aug 2006, 05:30:02
  2.3263, 3.03444,  186.029, 26 Aug 2006, 05:40:02
  2.3472, 3.03686,  186.118, 26 Aug 2006, 05:50:02
  2.3626, 3.03890,  186.207, 26 Aug 2006, 06:00:02
  2.3727, 3.04004,  186.278, 26 Aug 2006, 06:10:02
  2.3987, 3.04264,  186.367, 26 Aug 2006, 06:20:02
  2.4233, 3.04569,  186.473, 26 Aug 2006, 06:30:02
  2.4435, 3.04827,  186.562, 26 Aug 2006, 06:40:02
  2.4553, 3.04994,  186.633, 26 Aug 2006, 06:50:02
  2.4734, 3.05222,  186.722, 26 Aug 2006, 07:00:02
  2.4856, 3.05392,  186.811, 26 Aug 2006, 07:10:02
  2.5022, 3.05547,  186.882, 26 Aug 2006, 07:20:02
  2.5158, 3.05665,  186.953, 26 Aug 2006, 07:30:02
  2.5303, 3.05833,  187.042, 26 Aug 2006, 07:40:02
  2.5409, 3.05988,  187.113, 26 Aug 2006, 07:50:02
  2.5470, 3.06035,  187.166, 26 Aug 2006, 08:00:02
  2.5470, 3.06047,  187.237, 26 Aug 2006, 08:10:02
  2.5511, 3.06073,  187.290, 26 Aug 2006, 08:20:02
  2.5533, 3.06102,  187.326, 26 Aug 2006, 08:30:02
  2.5569, 3.06154,  187.361, 26 Aug 2006, 08:40:02
  2.5560, 3.06186,  187.397, 26 Aug 2006, 08:50:02
  2.5347, 3.06069,  187.433, 26 Aug 2006, 09:00:02
  2.5054, 3.05789,  187.450, 26 Aug 2006, 09:10:02
  2.4708, 3.05483,  187.450, 26 Aug 2006, 09:20:02
  2.4923, 3.05517,  187.450, 26 Aug 2006, 09:30:02
  2.5281, 3.05708,  187.450, 26 Aug 2006, 09:40:02
  2.5594, 3.06072,  187.450, 26 Aug 2006, 09:50:02
  2.5928, 3.06408,  187.433, 26 Aug 2006, 10:00:01
  2.6390, 3.06783,  187.397, 26 Aug 2006, 10:10:01
  2.6594, 3.07107,  187.379, 26 Aug 2006, 10:20:01
  2.6783, 3.07386,  187.344, 26 Aug 2006, 10:30:01
  2.7332, 3.07842,  187.290, 26 Aug 2006, 10:40:01
  2.8823, 3.08898,  187.237, 26 Aug 2006, 10:50:01
  2.9751, 3.10475,  187.184, 26 Aug 2006, 11:00:01
  3.0423, 3.11077,  187.148, 26 Aug 2006, 11:10:01
  3.2196, 3.12282,  187.077, 26 Aug 2006, 11:20:01
  3.3669, 3.14491,  187.006, 26 Aug 2006, 11:30:01
  3.5140, 3.16004,  186.917, 26 Aug 2006, 11:40:01
  3.6013, 3.17043,  186.846, 26 Aug 2006, 11:50:01
  3.6616, 3.18008,  186.775, 26 Aug 2006, 12:00:01
  3.7114, 3.18670,  186.686, 26 Aug 2006, 12:10:01
  3.7281, 3.18976,  186.615, 26 Aug 2006, 12:20:01
  3.7502, 3.19252,  186.509, 26 Aug 2006, 12:30:01
  3.7434, 3.19213,  186.438, 26 Aug 2006, 12:40:01
  3.7552, 3.19248,  186.349, 26 Aug 2006, 12:50:01
  3.7936, 3.19457,  186.278, 26 Aug 2006, 13:00:01
  3.5235, 2.91753,    5.147, 26 Aug 2006, 13:10:01
  2.7587, 2.71204,    0.102, 26 Aug 2006, 13:20:01
  3.5583, 0.07540,    0.119, 26 Aug 2006, 13:30:01
  4.1307, 0.03895,    0.119, 26 Aug 2006, 13:40:01
 12.9422, 0.00067,    0.155, 26 Aug 2006, 13:50:01
 12.3991, 0.00100,    0.048, 26 Aug 2006, 14:00:01
