Data_test/SBE/microcatifremer3999.asc
* Sea-Bird SBE37 Data File:
* FileName = C:\Program Files\Sea-Bird\Seaterm\microcatifremer3999.asc
* Software Version 1.50
* Temperature SN = 3999
* Conductivity SN = 3999
* System UpLoad Time = Aug 26 2006 14:05:59
** recovery 309 serialnr 3999 microcat
** 
*END*
[from data line 2198]
 16.3096, 0.00003,    0.013, 05 Sep 2005, 17:50:02
 16.2948, 0.00002,    0.013, 05 Sep 2005, 18:00:02
 16.2801, 0.00002,    0.013, 05 Sep 2005, 18:10:02
 16.2641, 0.00003,    0.013, 05 Sep 2005, 18:20:02
 16.2476, 0.00003,    0.013, 05 Sep 2005, 18:30:02
 16.2301, 0.00003,    0.013, 05 Sep 2005, 18:40:02
 16.2117, 0.00003,    0.013, 05 Sep 2005, 18:50:02
 16.1945, 0.00002,    0.013, 05 Sep 2005, 19:00:02
 16.1792, 0.00003,    0.013, 05 Sep 2005, 19:10:02
 16.1662, 0.00003,    0.013, 05 Sep 2005, 19:20:02
 16.1549, 0.00003,    0.013, 05 Sep 2005, 19:30:02
 16.1457, 0.00003,    0.013, 05 Sep 2005, 19:40:02
 16.1385, 0.00002,    0.013, 05 Sep 2005, 19:50:02
 16.1348, 0.00002,    0.013, 05 Sep 2005, 20:00:02
 16.1338, 0.00002,    0.013, 05 Sep 2005, 20:10:02
 16.1335, 0.00003,    0.013, 05 Sep 2005, 20:20:02
 16.1302, 0.00003,    0.031, 05 Sep 2005, 20:30:02
 16.1241, 0.00002,    0.031, 05 Sep 2005, 20:40:02
 16.1160, 0.00003,    0.031, 05 Sep 2005, 20:50:02
 16.1048, 0.00003,    0.031, 05 Sep 2005, 21:00:02
 16.0888, 0.00002,    0.031, 05 Sep 2005, 21:10:02
 16.0688, 0.00003,    0.031, 05 Sep 2005, 21:20:02
 16.0456, 0.00002,    0.031, 05 Sep 2005, 21:30:02
 16.0184, 0.00002,    0.031, 05 Sep 2005, 21:40:02
 15.9883, 0.00003,    0.031, 05 Sep 2005, 21:50:02
 15.9565, 0.00003,    0.013, 05 Sep 2005, 22:00:02
 15.9254, 0.00002,    0.031, 05 Sep 2005, 22:10:02
 15.8943, 0.00003,    0.031, 05 Sep 2005, 22:20:02
 15.8653, 0.00003,    0.031, 05 Sep 2005, 22:30:02
 15.8365, 0.00002,    0.031, 05 Sep 2005, 22:40:02
 15.8087, 0.00003,    0.031, 05 Sep 2005, 22:50:02
 15.7831, 0.00003,    0.031, 05 Sep 2005, 23:00:02
 15.7588, 0.00002,    0.031, 05 Sep 2005, 23:10:02
 15.7362, 0.00002,    0.031, 05 Sep 2005, 23:20:02
 15.7159, 0.00002,    0.031, 05 Sep 2005, 23:30:02
 15.6963, 0.00002,    0.031, 05 Sep 2005, 23:40:02
 15.6788, 0.00002,    0.031, 05 Sep 2005, 23:50:02
 15.6626, 0.00003,    0.031, 06 Sep 2005, 00:00:02
 15.6478, 0.00003,    0.031, 06 Sep 2005, 00:10:02
 15.6341, 0.00003,    0.031, 06 Sep 2005, 00:20:02
 15.6224, 0.00003,    0.031, 06 Sep 2005, 00:30:02
 15.6122, 0.00002,    0.031, 06 Sep 2005, 00:40:02
 15.6028, 0.00002,    0.031, 06 Sep 2005, 00:50:02
 15.5947, 0.00002,    0.031, 06 Sep 2005, 01:00:02
 15.5875, 0.00002,    0.031, 06 Sep 2005, 01:10:02
 15.5820, 0.00003,    0.031, 06 Sep 2005, 01:20:02
 15.5770, 0.00002,    0.031, 06 Sep 2005, 01:30:02
 15.5733, 0.00003,    0.031, 06 Sep 2005, 01:40:02
 15.5703, 0.00002,    0.031, 06 Sep 2005, 01:50:02
 15.5686, 0.00002,    0.031, 06 Sep 2005, 02:00:02
 15.5677, 0.00002,    0.031, 06 Sep 2005, 02:10:02
 15.5679, 0.00002,    0.031, 06 Sep 2005, 02:20:02
 15.5684, 0.00002,    0.031, 06 Sep 2005, 02:30:02
 15.5698, 0.00003,    0.031, 06 Sep 2005, 02:40:02
 15.5715, 0.00003,    0.031, 06 Sep 2005, 02:50:02
 15.5741, 0.00003,    0.031, 06 Sep 2005, 03:00:02
 15.5768, 0.00002,    0.031, 06 Sep 2005, 03:10:02
 15.5794, 0.00002,    0.031, 06 Sep 2005, 03:20:02
 15.5799, 0.00003,    0.031, 06 Sep 2005, 03:30:02
 15.5784, 0.00002,    0.031, 06 Sep 2005, 03:40:02
 15.5746, 0.00003,    0.031, 06 Sep 2005, 03:50:02
 15.5700, 0.00002,    0.031, 06 Sep 2005, 04:00:02
 15.5666, 0.00003,    0.031, 06 Sep 2005, 04:10:02
 15.5641, 0.00002,    0.031, 06 Sep 2005, 04:20:02
 15.5627, 0.00002,    0.031, 06 Sep 2005, 04:30:02
 15.5623, 0.00002,    0.031, 06 Sep 2005, 04:40:02
 15.5634, 0.00003,    0.031, 06 Sep 2005, 04:50:02
 15.5651, 0.00002,    0.031, 06 Sep 2005, 05:00:02
 15.5659, 0.00002,    0.031, 06 Sep 2005, 05:10:02
 15.5673, 0.00002,    0.031, 06 Sep 2005, 05:20:02
 15.5698, 0.00002,    0.031, 06 Sep 2005, 05:30:02
 15.5706, 0.00003,    0.031, 06 Sep 2005, 05:40:02
 15.5716, 0.00002,    0.031, 06 Sep 2005, 05:50:02
 15.5723, 0.00002,    0.031, 06 Sep 2005, 06:00:02
 15.5724, 0.00003,    0.031, 06 Sep 2005, 06:10:02
 15.5703, 0.00003,    0.031, 06 Sep 2005, 06:20:02
 15.5651, 0.00002,    0.031, 06 Sep 2005, 06:30:02
 15.5583, 0.00002,    0.031, 06 Sep 2005, 06:40:02
 15.5501, 0.00002,    0.031, 06 Sep 2005, 06:50:02
 15.5396, 0.00003,    0.031, 06 Sep 2005, 07:00:02
 15.5275, 0.00002,    0.031, 06 Sep 2005, 07:10:02
 15.5124, 0.00002,    0.013, 06 Sep 2005, 07:20:02
 15.4953, 0.00002,    0.013, 06 Sep 2005, 07:30:02
 15.4783, 0.00002,    0.013, 06 Sep 2005, 07:40:02
 15.4600, 0.00002,    0.031, 06 Sep 2005, 07:50:02
 15.4375, 0.00002,    0.013, 06 Sep 2005, 08:00:02
 15.4127, 0.00002,    0.013, 06 Sep 2005, 08:10:02
 15.3845, 0.00003,    0.031, 06 Sep 2005, 08:20:02
 15.3532, 0.00002,    0.013, 06 Sep 2005, 08:30:02
 15.3206, 0.00002,    0.031, 06 Sep 2005, 08:40:02
 15.2872, 0.00003,    0.031, 06 Sep 2005, 08:50:02
 15.2526, 0.00003,    0.013, 06 Sep 2005, 09:00:02
 15.2165, 0.00002,    0.031, 06 Sep 2005, 09:10:02
 15.1793, 0.00002,    0.013, 06 Sep 2005, 09:20:02
 15.1408, 0.00002,    0.013, 06 Sep 2005, 09:30:02
 15.1065, 0.00002,    0.013, 06 Sep 2005, 09:40:01
 15.0770, 0.00003,    0.013, 06 Sep 2005, 09:50:01
 15.0509, 0.00003,    0.013, 06 Sep 2005, 10:00:01
 15.0256, 0.00002,    0.013, 06 Sep 2005, 10:10:01
 14.9991, 0.00003,    0.013, 06 Sep 2005, 10:20:01
 14.9727, 0.00003,    0.013, 06 Sep 2005, 10:30:01
 14.9464, 0.00002,    0.013, 06 Sep 2005, 10:40:01
 14.9200, 0.00002,    0.013, 06 Sep 2005, 10:50:01
 14.8926, 0.00002,    0.013, 06 Sep 2005, 11:00:01
 14.8647, 0.00002,    0.013, 06 Sep 2005, 11:10:01
 14.8359, 0.00002,    0.013, 06 Sep 2005, 11:20:01
 14.8064, 0.00002,    0.013, 06 Sep 2005, 11:30:01
 14.7772, 0.00003,    0.013, 06 Sep 2005, 11:40:01
 14.7479, 0.00003,    0.013, 06 Sep 2005, 11:50:01
 14.7192, 0.00003,    0.013, 06 Sep 2005, 12:00:01
 14.6908, 0.00002,    0.013, 06 Sep 2005, 12:10:01
 14.6623, 0.00002,    0.031, 06 Sep 2005, 12:20:01
 14.6339, 0.00002,    0.013, 06 Sep 2005, 12:30:01
 14.6062, 0.00002,    0.013, 06 Sep 2005, 12:40:01
 14.5804, 0.00003,    0.013, 06 Sep 2005, 12:50:01
 14.5591, 0.00003,    0.013, 06 Sep 2005, 13:00:01
 14.5437, 0.00002,    0.031, 06 Sep 2005, 13:10:01
 14.5331, 0.00002,    0.031, 06 Sep 2005, 13:20:01
 14.5290, 0.00003,    0.031, 06 Sep 2005, 13:30:01
 14.5298, 0.00002,    0.031, 06 Sep 2005, 13:40:01
 14.5356, 0.00002,    0.031, 06 Sep 2005, 13:50:01
 14.5465, 0.00002,    0.031, 06 Sep 2005, 14:00:01
 14.5622, 0.00002,    0.031, 06 Sep 2005, 14:10:01
 14.5819, 0.00002,    0.031, 06 Sep 2005, 14:20:01
 14.6032, 0.00003,    0.031, 06 Sep 2005, 14:30:01
 14.6260, 0.00003,    0.031, 06 Sep 2005, 14:40:01
 14.6499, 0.00002,    0.031, 06 Sep 2005, 14:50:01
 14.6744, 0.00002,    0.031, 06 Sep 2005, 15:00:01
 14.6997, 0.00002,    0.031, 06 Sep 2005, 15:10:01
 14.7200, 0.00002,    0.031, 06 Sep 2005, 15:20:01
 14.7399, 0.00002,    0.031, 06 Sep 2005, 15:30:01
 14.7605, 0.00003,    0.031, 06 Sep 2005, 15:40:01
 14.7805, 0.00002,    0.031, 06 Sep 2005, 15:50:01
 14.7995, 0.00002,    0.031, 06 Sep 2005, 16:00:01
 14.8168, 0.00002,    0.031, 06 Sep 2005, 16:10:01
 14.8315, 0.00002,    0.031, 06 Sep 2005, 16:20:02
 14.8453, 0.00002,    0.031, 06 Sep 2005, 16:30:02
 14.8580, 0.00002,    0.031, 06 Sep 2005, 16:40:02
 14.8704, 0.00002,    0.031, 06 Sep 2005, 16:50:02
 14.8822, 0.00003,    0.031, 06 Sep 2005, 17:00:02
 14.8935, 0.00002,    0.031, 06 Sep 2005, 17:10:02
 14.9032, 0.00002,    0.031, 06 Sep 2005, 17:20:02
 14.9083, 0.00002,    0.031, 06 Sep 2005, 17:30:02
 14.9108, 0.00002,    0.031, 06 Sep 2005, 17:40:02
 14.9092, 0.00002,    0.031, 06 Sep 2005, 17:50:02
 14.9066, 0.00002,    0.031, 06 Sep 2005, 18:00:02
 14.9048, 0.00003,    0.031, 06 Sep 2005, 18:10:02
 14.9065, 0.00002,    0.031, 06 Sep 2005, 18:20:02
 14.9132, 0.00002,    0.031, 06 Sep 2005, 18:30:02
 14.9234, 0.00003,    0.031, 06 Sep 2005, 18:40:02
 14.9364, 0.00002,    0.031, 06 Sep 2005, 18:50:02
 14.9517, 0.00002,    0.031, 06 Sep 2005, 19:00:02
 14.9662, 0.00002,    0.031, 06 Sep 2005, 19:10:02
 14.9750, 0.00002,    0.031, 06 Sep 2005, 19:20:02
 14.9784, 0.00002,    0.031, 06 Sep 2005, 19:30:02
 14.9774, 0.00002,    0.031, 06 Sep 2005, 19:40:02
 14.9719, 0.00002,    0.031, 06 Sep 2005, 19:50:02
 14.9634, 0.00002,    0.031, 06 Sep 2005, 20:00:02
 14.9515, 0.00002,    0.031, 06 Sep 2005, 20:10:02
 14.9369, 0.00002,    0.031, 06 Sep 2005, 20:20:02
 14.9195, 0.00002,    0.031, 06 Sep 2005, 20:30:02
 14.9004, 0.00002,    0.031, 06 Sep 2005, 20:40:02
 14.8791, 0.00002,    0.031, 06 Sep 2005, 20:50:02
 14.8564, 0.00002,    0.031, 06 Sep 2005, 21:00:02
 14.8337, 0.00002,    0.031, 06 Sep 2005, 21:10:02
 14.8106, 0.00002,    0.031, 06 Sep 2005, 21:20:02
 14.7873, 0.00003,    0.031, 06 Sep 2005, 21:30:02
 14.7646, 0.00003,    0.031, 06 Sep 2005, 21:40:02
 14.7422, 0.00003,    0.031, 06 Sep 2005, 21:50:02
 14.7193, 0.00002,    0.031, 06 Sep 2005, 22:00:02
 14.6956, 0.00002,    0.031, 06 Sep 2005, 22:10:02
 14.6701, 0.00002,    0.031, 06 Sep 2005, 22:20:02
 14.6428, 0.00003,    0.031, 06 Sep 2005, 22:30:02
 14.6144, 0.00003,    0.031, 06 Sep 2005, 22:40:02
 14.5893, 0.00003,    0.031, 06 Sep 2005, 22:50:02
 14.5657, 0.00003,    0.031, 06 Sep 2005, 23:00:02
 14.5445, 0.00003,    0.048, 06 Sep 2005, 23:10:02
 14.5222, 0.00003,    0.031, 06 Sep 2005, 23:20:02
 14.4989, 0.00002,    0.048, 06 Sep 2005, 23:30:02
 14.4734, 0.00002,    0.048, 06 Sep 2005, 23:40:02
 14.4465, 0.00002,    0.048, 06 Sep 2005, 23:50:02
 14.4179, 0.00002,    0.048, 07 Sep 2005, 00:00:02
 14.3893, 0.00002,    0.031, 07 Sep 2005, 00:10:02
 14.3609, 0.00003,    0.048, 07 Sep 2005, 00:20:02
 14.3333, 0.00003,    0.031, 07 Sep 2005, 00:30:02
 14.3066, 0.00002,    0.048, 07 Sep 2005, 00:40:02
 14.2799, 0.00003,    0.048, 07 Sep 2005, 00:50:02
 14.2513, 0.00002,    0.048, 07 Sep 2005, 01:00:02
 14.2221, 0.00002,    0.048, 07 Sep 2005, 01:10:02
 14.1914, 0.00002,    0.048, 07 Sep 2005, 01:20:02
 14.1595, 0.00002,    0.048, 07 Sep 2005, 01:30:02
 14.1274, 0.00002,    0.048, 07 Sep 2005, 01:40:02
 14.0990, 0.00003,    0.048, 07 Sep 2005, 01:50:02
 14.0719, 0.00002,    0.048, 07 Sep 2005, 02:00:02
 14.0464, 0.00002,    0.048, 07 Sep 2005, 02:10:02
 14.0234, 0.00003,    0.048, 07 Sep 2005, 02:20:02
 14.0021, 0.00003,    0.048, 07 Sep 2005, 02:30:02
 13.9841, 0.00003,    0.048, 07 Sep 2005, 02:40:02
 13.9673, 0.00003,    0.048, 07 Sep 2005, 02:50:02
 13.9512, 0.00003,    0.048, 07 Sep 2005, 03:00:02
 13.9363, 0.00002,    0.031, 07 Sep 2005, 03:10:02
 13.9214, 0.00002,    0.048, 07 Sep 2005, 03:20:02
 13.9073, 0.00003,    0.048, 07 Sep 2005, 03:30:02
 13.8931, 0.00002,    0.048, 07 Sep 2005, 03:40:02
 13.8787, 0.00002,    0.048, 07 Sep 2005, 03:50:02
 13.8646, 0.00003,    0.048, 07 Sep 2005, 04:00:02
 13.8498, 0.00002,    0.031, 07 Sep 2005, 04:10:02
 13.8361, 0.00002,    0.048, 07 Sep 2005, 04:20:02
 13.8254, 0.00003,    0.048, 07 Sep 2005, 04:30:02
 13.8186, 0.00002,    0.048, 07 Sep 2005, 04:40:02
 13.8163, 0.00002,    0.031, 07 Sep 2005, 04:50:02
 13.8178, 0.00002,    0.031, 07 Sep 2005, 05:00:02
 13.8210, 0.00002,    0.048, 07 Sep 2005, 05:10:02
 13.8236, 0.00002,    0.048, 07 Sep 2005, 05:20:02
 13.8266, 0.00002,    0.031, 07 Sep 2005, 05:30:02
 13.8314, 0.00003,    0.048, 07 Sep 2005, 05:40:02
 13.8359, 0.00003,    0.048, 07 Sep 2005, 05:50:02
 13.8422, 0.00002,    0.031, 07 Sep 2005, 06:00:02
 13.8489, 0.00002,    0.048, 07 Sep 2005, 06:10:02
 13.8567, 0.00002,    0.031, 07 Sep 2005, 06:20:02
 13.8643, 0.00002,    0.031, 07 Sep 2005, 06:30:02
 13.8702, 0.00002,    0.031, 07 Sep 2005, 06:40:02
 13.8743, 0.00003,    0.031, 07 Sep 2005, 06:50:02
 13.8782, 0.00002,    0.031, 07 Sep 2005, 07:00:02
 13.8819, 0.00002,    0.031, 07 Sep 2005, 07:10:02
 13.8869, 0.00003,    0.031, 07 Sep 2005, 07:20:02
 13.8938, 0.00002,    0.031, 07 Sep 2005, 07:30:02
 13.9016, 0.00003,    0.031, 07 Sep 2005, 07:40:02
 13.9098, 0.00003,    0.031, 07 Sep 2005, 07:50:02
 13.9200, 0.00003,    0.031, 07 Sep 2005, 08:00:02
 13.9314, 0.00003,    0.031, 07 Sep 2005, 08:10:02
 13.9437, 0.00003,    0.031, 07 Sep 2005, 08:20:02
 13.9568, 0.00002,    0.031, 07 Sep 2005, 08:30:02
 13.9695, 0.00003,    0.031, 07 Sep 2005, 08:40:02
 13.9817, 0.00003,    0.031, 07 Sep 2005, 08:50:02
 13.9935, 0.00003,    0.031, 07 Sep 2005, 09:00:02
 14.0059, 0.00003,    0.031, 07 Sep 2005, 09:10:02
 14.0177, 0.00003,    0.031, 07 Sep 2005, 09:20:02
 14.0288, 0.00003,    0.031, 07 Sep 2005, 09:30:02
 14.0388, 0.00002,    0.031, 07 Sep 2005, 09:40:02
 14.0495, 0.00002,    0.031, 07 Sep 2005, 09:50:02
 14.0596, 0.00003,    0.031, 07 Sep 2005, 10:00:02
 14.0705, 0.00003,    0.031, 07 Sep 2005, 10:10:02
 14.0811, 0.00002,    0.031, 07 Sep 2005, 10:20:02
 14.0873, 0.00002,    0.031, 07 Sep 2005, 10:30:02
 14.0915, 0.00002,    0.031, 07 Sep 2005, 10:40:02
 14.0936, 0.00002,    0.031, 07 Sep 2005, 10:50:02
 14.0929, 0.00002,    0.031, 07 Sep 2005, 11:00:02
 14.0913, 0.00002,    0.031, 07 Sep 2005, 11:10:02
 14.0879, 0.00003,    0.031, 07 Sep 2005, 11:20:02
 14.0844, 0.00002,    0.031, 07 Sep 2005, 11:30:02
 14.0811, 0.00003,    0.031, 07 Sep 2005, 11:40:02
 14.0764, 0.00002,    0.031, 07 Sep 2005, 11:50:02
 14.0704, 0.00002,    0.031, 07 Sep 2005, 12:00:02
 14.0622, 0.00002,    0.031, 07 Sep 2005, 12:10:02
 14.0504, 0.00003,    0.031, 07 Sep 2005, 12:20:02
 14.0348, 0.00003,    0.031, 07 Sep 2005, 12:30:02
 14.0206, 0.00003,    0.013, 07 Sep 2005, 12:40:02
 14.0069, 0.00003,    0.013, 07 Sep 2005, 12:50:02
 13.9909, 0.00003,    0.013, 07 Sep 2005, 13:00:02
 13.9724, 0.00003,    0.013, 07 Sep 2005, 13:10:02
 13.9507, 0.00002,    0.013, 07 Sep 2005, 13:20:02
 13.9261, 0.00002,    0.013, 07 Sep 2005, 13:30:02
 13.8989, 0.00003,   -0.005, 07 Sep 2005, 13:40:02
 13.8669, 0.00002,   -0.005, 07 Sep 2005, 13:50:02
 13.8331, 0.00003,   -0.005, 07 Sep 2005, 14:00:02
 13.8008, 0.00003,   -0.005, 07 Sep 2005, 14:10:02
 13.7719, 0.00002,   -0.005, 07 Sep 2005, 14:20:02
 13.7458, 0.00003,   -0.005, 07 Sep 2005, 14:30:02
 13.7185, 0.00003,   -0.005, 07 Sep 2005, 14:40:02
 13.6904, 0.00003,   -0.005, 07 Sep 2005, 14:50:02
 13.6619, 0.00003,   -0.005, 07 Sep 2005, 15:00:02
 13.6331, 0.00003,   -0.005, 07 Sep 2005, 15:10:02
 13.6064, 0.00003,   -0.005, 07 Sep 2005, 15:20:02
 13.5808, 0.00003,   -0.005, 07 Sep 2005, 15:30:02
 13.5562, 0.00002,   -0.005, 07 Sep 2005, 15:40:02
 13.5287, 0.00002,   -0.023, 07 Sep 2005, 15:50:02
 13.4975, 0.00002,   -0.023, 07 Sep 2005, 16:00:02
 13.4626, 0.00002,   -0.023, 07 Sep 2005, 16:10:02
 13.4243, 0.00003,   -0.005, 07 Sep 2005, 16:20:02
 13.3831, 0.00002,   -0.023, 07 Sep 2005, 16:30:02
 13.3432, 0.00003,   -0.023, 07 Sep 2005, 16:40:02
 13.3113, 0.00003,   -0.023, 07 Sep 2005, 16:50:02
 13.2843, 0.00003,   -0.023, 07 Sep 2005, 17:00:02
 13.2644, 0.00002,   -0.023, 07 Sep 2005, 17:10:02
 13.2428, 0.00003,   -0.023, 07 Sep 2005, 17:20:02
 13.2205, 0.00002,   -0.023, 07 Sep 2005, 17:30:02
 13.1953, 0.00003,   -0.023, 07 Sep 2005, 17:40:02
 13.1667, 0.00003,   -0.023, 07 Sep 2005, 17:50:02
 13.1343, 0.00003,   -0.023, 07 Sep 2005, 18:00:02
 13.1000, 0.00003,   -0.023, 07 Sep 2005, 18:10:02
 13.0620, 0.00003,   -0.023, 07 Sep 2005, 18:20:02
 13.0219, 0.00003,   -0.041, 07 Sep 2005, 18:30:02
 12.9794, 0.00003,   -0.023, 07 Sep 2005, 18:40:02
 12.9372, 0.00003,   -0.041, 07 Sep 2005, 18:50:02
 12.8949, 0.00002,   -0.041, 07 Sep 2005, 19:00:02
 12.8518, 0.00003,   -0.041, 07 Sep 2005, 19:10:02
 12.8085, 0.00003,   -0.041, 07 Sep 2005, 19:20:02
 12.7656, 0.00003,   -0.041, 07 Sep 2005, 19:30:02
 12.7227, 0.00002,   -0.041, 07 Sep 2005, 19:40:02
 12.6817, 0.00003,   -0.041, 07 Sep 2005, 19:50:02
 12.6411, 0.00003,   -0.041, 07 Sep 2005, 20:00:02
 12.6016, 0.00002,   -0.041, 07 Sep 2005, 20:10:02
 12.5624, 0.00002,   -0.041, 07 Sep 2005, 20:20:02
 12.5243, 0.00003,   -0.041, 07 Sep 2005, 20:30:02
 12.4867, 0.00003,   -0.041, 07 Sep 2005, 20:40:02
 12.4502, 0.00003,   -0.041, 07 Sep 2005, 20:50:02
 12.4168, 0.00003,   -0.041, 07 Sep 2005, 21:00:02
 12.3867, 0.00003,   -0.041, 07 Sep 2005, 21:10:02
 12.3574, 0.00003,   -0.041, 07 Sep 2005, 21:20:02
 12.3309, 0.00003,   -0.041, 07 Sep 2005, 21:30:02
 12.3051, 0.00003,   -0.041, 07 Sep 2005, 21:40:02
 12.2775, 0.00003,   -0.041, 07 Sep 2005, 21:50:02
