Data_test/SBE/ov05-mc4008.asc
* Sea-Bird SBE37 Data File:
* FileName = C:\Documents and Settings\IFREMER\Bureau\Seacat\ov06-mc4008.asc
* Software Version 1.50
* Temperature SN = 4008
* Conductivity SN = 4008
* System UpLoad Time = juin 23 2006 17:24:45
** OVIDE 2006  mouillage 2Cbis
** R/V Maria S. Merian
*END*
[from data line 19139]
  5.2283, 3.37004,  352.044, 01 Jan 2006, 09:20:02
  5.2133, 3.36952,  352.482, 01 Jan 2006, 09:30:02
  5.2189, 3.36957,  352.796, 01 Jan 2006, 09:40:02
  5.1988, 3.36663,  352.545, 01 Jan 2006, 09:50:02
  5.2119, 3.36850,  351.793, 01 Jan 2006, 10:00:02
  5.2519, 3.37319,  351.042, 01 Jan 2006, 10:10:02
  5.2763, 3.37546,  349.789, 01 Jan 2006, 10:20:02
  5.2965, 3.37802,  348.849, 01 Jan 2006, 10:30:02
  5.3339, 3.38225,  347.847, 01 Jan 2006, 10:40:02
  5.3005, 3.37848,  346.343, 01 Jan 2006, 10:50:02
  5.2477, 3.37237,  344.151, 01 Jan 2006, 11:00:02
  5.0749, 3.35378,  342.459, 01 Jan 2006, 11:10:02
  5.2634, 3.37427,  341.081, 01 Jan 2006, 11:20:02
  5.2674, 3.37443,  339.578, 01 Jan 2006, 11:30:02
  5.2831, 3.37639,  338.074, 01 Jan 2006, 11:40:02
  5.2866, 3.37573,  336.195, 01 Jan 2006, 11:50:02
  5.2014, 3.36889,  334.942, 01 Jan 2006, 12:00:02
  5.1960, 3.37194,  333.940, 01 Jan 2006, 12:10:02
  5.3628, 3.38524,  333.125, 01 Jan 2006, 12:20:02
  5.2486, 3.37371,  332.311, 01 Jan 2006, 12:30:02
  5.2413, 3.37045,  331.434, 01 Jan 2006, 12:40:02
  5.2563, 3.37269,  330.807, 01 Jan 2006, 12:50:02
  5.1259, 3.35829,  330.306, 01 Jan 2006, 13:00:02
  4.9713, 3.34251,  329.993, 01 Jan 2006, 13:10:02
  4.8189, 3.32393,  329.868, 01 Jan 2006, 13:20:02
  4.8759, 3.33046,  329.743, 01 Jan 2006, 13:30:02
  4.9018, 3.33320,  329.429, 01 Jan 2006, 13:40:02
  5.0267, 3.34757,  329.116, 01 Jan 2006, 13:50:02
  5.1636, 3.36216,  328.928, 01 Jan 2006, 14:00:02
  5.1801, 3.36503,  328.865, 01 Jan 2006, 14:10:02
  5.1024, 3.35554,  328.803, 01 Jan 2006, 14:20:02
  5.0979, 3.35379,  328.803, 01 Jan 2006, 14:30:02
  5.1321, 3.35886,  328.865, 01 Jan 2006, 14:40:02
  4.9827, 3.34234,  328.865, 01 Jan 2006, 14:50:02
  4.9932, 3.34325,  328.740, 01 Jan 2006, 15:00:02
  4.9315, 3.33596,  328.740, 01 Jan 2006, 15:10:02
  4.9553, 3.33879,  328.678, 01 Jan 2006, 15:20:02
  4.9322, 3.33654,  328.740, 01 Jan 2006, 15:30:02
  4.8176, 3.32603,  328.803, 01 Jan 2006, 15:40:02
  4.9028, 3.33342,  328.803, 01 Jan 2006, 15:50:02
  4.8831, 3.33187,  328.865, 01 Jan 2006, 16:00:02
  4.8987, 3.33411,  329.053, 01 Jan 2006, 16:10:02
  5.0202, 3.34623,  329.116, 01 Jan 2006, 16:20:02
  5.0442, 3.34949,  329.179, 01 Jan 2006, 16:30:02
  5.0587, 3.35071,  329.179, 01 Jan 2006, 16:40:02
  5.0899, 3.35428,  329.179, 01 Jan 2006, 16:50:02
  5.0993, 3.35575,  329.304, 01 Jan 2006, 17:00:02
  5.0859, 3.35419,  329.367, 01 Jan 2006, 17:10:02
  5.0814, 3.35361,  329.492, 01 Jan 2006, 17:20:02
  5.2285, 3.36953,  329.555, 01 Jan 2006, 17:30:02
  5.2133, 3.36841,  329.743, 01 Jan 2006, 17:40:02
  5.1912, 3.36616,  330.118, 01 Jan 2006, 17:50:02
  5.2644, 3.37410,  330.682, 01 Jan 2006, 18:00:02
  5.2150, 3.36898,  331.058, 01 Jan 2006, 18:10:02
  5.3141, 3.38032,  331.497, 01 Jan 2006, 18:20:02
  5.3147, 3.38049,  331.998, 01 Jan 2006, 18:30:02
  5.2562, 3.37600,  332.624, 01 Jan 2006, 18:40:02
  5.1732, 3.36857,  333.376, 01 Jan 2006, 18:50:02
  5.1739, 3.36709,  334.316, 01 Jan 2006, 19:00:02
  5.1788, 3.36761,  335.193, 01 Jan 2006, 19:10:02
  5.1348, 3.36342,  335.882, 01 Jan 2006, 19:20:02
  5.1741, 3.36612,  337.072, 01 Jan 2006, 19:30:02
  5.1677, 3.36644,  338.638, 01 Jan 2006, 19:40:02
  5.2292, 3.37300,  339.703, 01 Jan 2006, 19:50:02
  5.4104, 3.39127,  340.956, 01 Jan 2006, 20:00:02
  5.3932, 3.39071,  341.896, 01 Jan 2006, 20:10:02
  5.4037, 3.39162,  342.585, 01 Jan 2006, 20:20:02
  5.3202, 3.38117,  343.524, 01 Jan 2006, 20:30:02
  5.2957, 3.38065,  344.025, 01 Jan 2006, 20:40:02
  5.3224, 3.38416,  344.276, 01 Jan 2006, 20:50:02
  5.3441, 3.38573,  344.339, 01 Jan 2006, 21:00:02
  5.3596, 3.38772,  344.652, 01 Jan 2006, 21:10:02
  5.3626, 3.38803,  345.090, 01 Jan 2006, 21:20:02
  5.3129, 3.38319,  345.592, 01 Jan 2006, 21:30:02
  5.3200, 3.38387,  345.654, 01 Jan 2006, 21:40:02
  5.3266, 3.38477,  345.967, 01 Jan 2006, 21:50:02
  5.3264, 3.38462,  345.466, 01 Jan 2006, 22:00:02
  5.3358, 3.38568,  345.153, 01 Jan 2006, 22:10:02
  5.3537, 3.38794,  344.902, 01 Jan 2006, 22:20:02
  5.3659, 3.38928,  344.965, 01 Jan 2006, 22:30:02
  5.3660, 3.38903,  342.710, 01 Jan 2006, 22:40:02
  5.4000, 3.39298,  341.645, 01 Jan 2006, 22:50:02
  5.3861, 3.39141,  339.891, 01 Jan 2006, 23:00:02
  5.3892, 3.39144,  337.448, 01 Jan 2006, 23:10:02
  5.4128, 3.39420,  335.882, 01 Jan 2006, 23:20:02
  5.3750, 3.38972,  334.566, 01 Jan 2006, 23:30:02
  5.3474, 3.38642,  333.439, 01 Jan 2006, 23:40:02
  5.3686, 3.38927,  332.562, 01 Jan 2006, 23:50:02
  5.3677, 3.38904,  331.810, 02 Jan 2006, 00:00:02
  5.3855, 3.39087,  331.121, 02 Jan 2006, 00:10:02
  5.3866, 3.39074,  330.494, 02 Jan 2006, 00:20:02
  5.4016, 3.39231,  329.930, 02 Jan 2006, 00:30:02
  5.3903, 3.39101,  329.555, 02 Jan 2006, 00:40:02
  5.3900, 3.39100,  329.367, 02 Jan 2006, 00:50:02
  5.3988, 3.39195,  329.179, 02 Jan 2006, 01:00:02
  5.4092, 3.39272,  329.053, 02 Jan 2006, 01:10:02
  5.4559, 3.39818,  328.991, 02 Jan 2006, 01:20:02
  5.4782, 3.39942,  328.991, 02 Jan 2006, 01:30:02
  5.4065, 3.39133,  329.053, 02 Jan 2006, 01:40:02
  5.4181, 3.39245,  329.053, 02 Jan 2006, 01:50:02
  5.3858, 3.38923,  329.179, 02 Jan 2006, 02:00:02
  5.3682, 3.38803,  329.053, 02 Jan 2006, 02:10:02
  5.3806, 3.38928,  328.928, 02 Jan 2006, 02:20:02
  5.3852, 3.38935,  328.991, 02 Jan 2006, 02:30:02
  5.3761, 3.38858,  329.053, 02 Jan 2006, 02:40:02
  5.4011, 3.39137,  329.116, 02 Jan 2006, 02:50:02
  5.4104, 3.39219,  329.053, 02 Jan 2006, 03:00:02
  5.3799, 3.38957,  329.179, 02 Jan 2006, 03:10:02
  5.3825, 3.39004,  329.241, 02 Jan 2006, 03:20:02
  5.3874, 3.39041,  328.865, 02 Jan 2006, 03:30:02
  5.3699, 3.38911,  328.991, 02 Jan 2006, 03:40:02
  5.3720, 3.38913,  328.991, 02 Jan 2006, 03:50:02
  5.3762, 3.39001,  329.116, 02 Jan 2006, 04:00:02
  5.3717, 3.38976,  329.304, 02 Jan 2006, 04:10:02
  5.3718, 3.38947,  329.367, 02 Jan 2006, 04:20:02
  5.3645, 3.38889,  329.617, 02 Jan 2006, 04:30:02
  5.3653, 3.38886,  329.993, 02 Jan 2006, 04:40:02
  5.3597, 3.38857,  330.369, 02 Jan 2006, 04:50:02
  5.3540, 3.38800,  331.121, 02 Jan 2006, 05:00:01
  5.3506, 3.38783,  330.807, 02 Jan 2006, 05:10:01
  5.3509, 3.38776,  331.497, 02 Jan 2006, 05:20:01
  5.3506, 3.38776,  332.499, 02 Jan 2006, 05:30:01
  5.3456, 3.38725,  333.940, 02 Jan 2006, 05:40:01
  5.3552, 3.38826,  335.130, 02 Jan 2006, 05:50:01
  5.3452, 3.38824,  335.694, 02 Jan 2006, 06:00:01
  5.3399, 3.38717,  337.260, 02 Jan 2006, 06:10:01
  5.3398, 3.38750,  340.141, 02 Jan 2006, 06:20:01
  5.3490, 3.38881,  344.777, 02 Jan 2006, 06:30:01
  5.3644, 3.39027,  347.784, 02 Jan 2006, 06:40:01
  5.3407, 3.38818,  353.485, 02 Jan 2006, 06:50:01
  5.4436, 3.39806,  362.756, 02 Jan 2006, 07:00:01
  5.6100, 3.41762,  369.208, 02 Jan 2006, 07:10:01
  5.6053, 3.41782,  374.032, 02 Jan 2006, 07:20:01
  5.6277, 3.41985,  378.981, 02 Jan 2006, 07:30:01
  5.5840, 3.41574,  388.879, 02 Jan 2006, 07:40:01
  5.4967, 3.40705,  395.582, 02 Jan 2006, 07:50:01
  5.4821, 3.40656,  402.786, 02 Jan 2006, 08:00:01
  5.5262, 3.41068,  405.292, 02 Jan 2006, 08:10:01
  5.5312, 3.41129,  411.055, 02 Jan 2006, 08:20:01
  5.5082, 3.40979,  418.572, 02 Jan 2006, 08:30:01
  5.6664, 3.42589,  421.329, 02 Jan 2006, 08:40:01
  5.5568, 3.41489,  424.774, 02 Jan 2006, 08:50:01
  5.5290, 3.41206,  427.029, 02 Jan 2006, 09:00:01
  5.5824, 3.41725,  428.658, 02 Jan 2006, 09:10:01
  5.4925, 3.41025,  431.978, 02 Jan 2006, 09:20:01
  5.5683, 3.41657,  434.797, 02 Jan 2006, 09:30:01
  5.6486, 3.42383,  431.164, 02 Jan 2006, 09:40:01
  5.4108, 3.39929,  433.920, 02 Jan 2006, 09:50:01
  5.4386, 3.40242,  437.491, 02 Jan 2006, 10:00:01
  5.4140, 3.39954,  433.920, 02 Jan 2006, 10:10:01
  5.4049, 3.39850,  429.034, 02 Jan 2006, 10:20:01
  5.4180, 3.39982,  430.349, 02 Jan 2006, 10:30:01
  5.4138, 3.39921,  429.848, 02 Jan 2006, 10:40:01
  5.4007, 3.39776,  428.282, 02 Jan 2006, 10:50:01
  5.3953, 3.39726,  427.217, 02 Jan 2006, 11:00:01
  5.3916, 3.39673,  422.769, 02 Jan 2006, 11:10:01
  5.4032, 3.39759,  420.827, 02 Jan 2006, 11:20:01
  5.4060, 3.39752,  412.558, 02 Jan 2006, 11:30:01
  5.4473, 3.40062,  407.797, 02 Jan 2006, 11:40:01
  5.4507, 3.40095,  401.658, 02 Jan 2006, 11:50:01
  5.4433, 3.40014,  398.275, 02 Jan 2006, 12:00:01
  5.4421, 3.39982,  394.830, 02 Jan 2006, 12:10:01
  5.4500, 3.40044,  389.693, 02 Jan 2006, 12:20:01
  5.4248, 3.39818,  385.684, 02 Jan 2006, 12:30:01
  5.4289, 3.39821,  381.487, 02 Jan 2006, 12:40:01
  5.4261, 3.39745,  377.164, 02 Jan 2006, 12:50:01
  5.4255, 3.39728,  373.343, 02 Jan 2006, 13:00:01
  5.4222, 3.39700,  370.148, 02 Jan 2006, 13:10:01
  5.4206, 3.39659,  365.888, 02 Jan 2006, 13:20:01
  5.4152, 3.39605,  364.761, 02 Jan 2006, 13:30:01
  5.4088, 3.39534,  362.192, 02 Jan 2006, 13:40:01
  5.3815, 3.39289,  362.631, 02 Jan 2006, 13:50:01
  5.3889, 3.39331,  359.687, 02 Jan 2006, 14:00:01
  5.3915, 3.39366,  357.306, 02 Jan 2006, 14:10:01
  5.4159, 3.39580,  355.427, 02 Jan 2006, 14:20:01
  5.3976, 3.39406,  353.798, 02 Jan 2006, 14:30:01
  5.3804, 3.39238,  352.670, 02 Jan 2006, 14:40:01
  5.3863, 3.39277,  351.981, 02 Jan 2006, 14:50:01
  5.3822, 3.39269,  353.297, 02 Jan 2006, 15:00:01
  5.4422, 3.39925,  355.489, 02 Jan 2006, 15:10:01
  5.4547, 3.39947,  356.178, 02 Jan 2006, 15:20:01
  5.4890, 3.40369,  355.803, 02 Jan 2006, 15:30:01
  5.4173, 3.39647,  355.427, 02 Jan 2006, 15:40:01
  5.4357, 3.39781,  359.436, 02 Jan 2006, 15:50:01
  5.4229, 3.39744,  361.441, 02 Jan 2006, 16:00:01
  5.3684, 3.39165,  365.763, 02 Jan 2006, 16:10:01
  5.3943, 3.39497,  370.712, 02 Jan 2006, 16:20:01
  5.3767, 3.39290,  373.218, 02 Jan 2006, 16:30:01
  5.5102, 3.40742,  372.529, 02 Jan 2006, 16:40:01
  5.6168, 3.41871,  374.408, 02 Jan 2006, 16:50:01
  5.6089, 3.41806,  375.348, 02 Jan 2006, 17:00:01
  5.6254, 3.41964,  377.540, 02 Jan 2006, 17:10:01
  5.6032, 3.41727,  378.104, 02 Jan 2006, 17:20:01
  5.6087, 3.41792,  379.983, 02 Jan 2006, 17:30:01
  5.6081, 3.41838,  384.494, 02 Jan 2006, 17:40:01
  5.5246, 3.41027,  392.136, 02 Jan 2006, 17:50:01
  5.4637, 3.40365,  396.396, 02 Jan 2006, 18:00:01
  5.4405, 3.40226,  399.528, 02 Jan 2006, 18:10:01
  5.4208, 3.40012,  407.672, 02 Jan 2006, 18:20:01
  5.5343, 3.41272,  411.431, 02 Jan 2006, 18:30:01
  5.5523, 3.41379,  414.751, 02 Jan 2006, 18:40:01
  5.6815, 3.42769,  420.827, 02 Jan 2006, 18:50:01
  5.6891, 3.42879,  428.533, 02 Jan 2006, 19:00:01
  5.6820, 3.42820,  433.231, 02 Jan 2006, 19:10:01
  5.6946, 3.42971,  435.987, 02 Jan 2006, 19:20:01
  5.6929, 3.42984,  442.189, 02 Jan 2006, 19:30:01
  5.6894, 3.42964,  446.198, 02 Jan 2006, 19:40:01
  5.6951, 3.43042,  451.273, 02 Jan 2006, 19:50:01
  5.6959, 3.43054,  453.089, 02 Jan 2006, 20:00:01
  5.6810, 3.42900,  455.219, 02 Jan 2006, 20:10:01
  5.6982, 3.43101,  460.231, 02 Jan 2006, 20:20:01
  5.6973, 3.43117,  463.488, 02 Jan 2006, 20:30:01
  5.6943, 3.43086,  461.922, 02 Jan 2006, 20:40:01
  5.6959, 3.43095,  460.857, 02 Jan 2006, 20:50:01
  5.6943, 3.43090,  464.303, 02 Jan 2006, 21:00:01
  5.6956, 3.43116,  466.057, 02 Jan 2006, 21:10:01
  5.6795, 3.42977,  474.013, 02 Jan 2006, 21:20:01
  5.6785, 3.42981,  476.769, 02 Jan 2006, 21:30:01
  5.6651, 3.42841,  479.024, 02 Jan 2006, 21:40:01
  5.6539, 3.42726,  482.783, 02 Jan 2006, 21:50:01
  5.6061, 3.42263,  486.040, 02 Jan 2006, 22:00:01
  5.6311, 3.42491,  485.226, 02 Jan 2006, 22:10:01
  5.6424, 3.42607,  486.667, 02 Jan 2006, 22:20:01
  5.6487, 3.42658,  483.973, 02 Jan 2006, 22:30:01
  5.6509, 3.42698,  482.720, 02 Jan 2006, 22:40:01
  5.5136, 3.41215,  478.210, 02 Jan 2006, 22:50:01
  5.5853, 3.41923,  474.326, 02 Jan 2006, 23:00:01
  5.4605, 3.40605,  468.750, 02 Jan 2006, 23:10:01
  5.4404, 3.40373,  465.618, 02 Jan 2006, 23:20:01
  5.4373, 3.40356,  464.616, 02 Jan 2006, 23:30:01
  5.4549, 3.40511,  456.973, 02 Jan 2006, 23:40:01
  5.5093, 3.41033,  448.892, 02 Jan 2006, 23:50:01
  5.4959, 3.40939,  441.876, 03 Jan 2006, 00:00:01
  5.4942, 3.40787,  430.725, 03 Jan 2006, 00:10:01
  5.4966, 3.40797,  419.825, 03 Jan 2006, 00:20:01
  5.4309, 3.40046,  414.500, 03 Jan 2006, 00:30:01
  5.4268, 3.39984,  407.860, 03 Jan 2006, 00:40:01
  5.4312, 3.39992,  402.723, 03 Jan 2006, 00:50:01
  5.4694, 3.40375,  398.463, 03 Jan 2006, 01:00:01
  5.5165, 3.40822,  391.886, 03 Jan 2006, 01:10:01
  5.5150, 3.40781,  385.935, 03 Jan 2006, 01:20:01
  5.4793, 3.40396,  381.299, 03 Jan 2006, 01:30:01
  5.4672, 3.40249,  376.413, 03 Jan 2006, 01:40:01
  5.4523, 3.40058,  370.837, 03 Jan 2006, 01:50:01
  5.4366, 3.39867,  365.888, 03 Jan 2006, 02:00:01
  5.4052, 3.39506,  361.002, 03 Jan 2006, 02:10:01
  5.3831, 3.39235,  356.178, 03 Jan 2006, 02:20:01
  5.4006, 3.39400,  351.981, 03 Jan 2006, 02:30:01
  5.3617, 3.38970,  349.225, 03 Jan 2006, 02:40:01
  5.3432, 3.38761,  346.657, 03 Jan 2006, 02:50:01
  5.3447, 3.38758,  343.963, 03 Jan 2006, 03:00:01
  5.3323, 3.38610,  342.271, 03 Jan 2006, 03:10:01
  5.3676, 3.38968,  341.206, 03 Jan 2006, 03:20:01
  5.3731, 3.39059,  340.016, 03 Jan 2006, 03:30:01
  5.3907, 3.39182,  338.889, 03 Jan 2006, 03:40:01
  5.3848, 3.39148,  338.199, 03 Jan 2006, 03:50:01
  5.3811, 3.39116,  337.886, 03 Jan 2006, 04:00:01
  5.3879, 3.39175,  337.636, 03 Jan 2006, 04:10:01
  5.3926, 3.39217,  337.949, 03 Jan 2006, 04:20:01
  5.4031, 3.39328,  338.450, 03 Jan 2006, 04:30:01
  5.4040, 3.39341,  338.951, 03 Jan 2006, 04:40:01
  5.4100, 3.39402,  339.452, 03 Jan 2006, 04:50:01
  5.4176, 3.39480,  339.703, 03 Jan 2006, 05:00:02
  5.4086, 3.39381,  340.705, 03 Jan 2006, 05:10:02
  5.4382, 3.39761,  341.708, 03 Jan 2006, 05:20:02
  5.4608, 3.39968,  342.710, 03 Jan 2006, 05:30:02
  5.4620, 3.39973,  343.963, 03 Jan 2006, 05:40:02
  5.4841, 3.40231,  345.466, 03 Jan 2006, 05:50:02
  5.4940, 3.40351,  347.596, 03 Jan 2006, 06:00:02
  5.4654, 3.40131,  349.663, 03 Jan 2006, 06:10:02
  5.4745, 3.40138,  351.981, 03 Jan 2006, 06:20:02
  5.5108, 3.40547,  354.863, 03 Jan 2006, 06:30:02
  5.4953, 3.40432,  358.434, 03 Jan 2006, 06:40:02
  5.4359, 3.39847,  362.380, 03 Jan 2006, 06:50:02
  5.4588, 3.40076,  365.137, 03 Jan 2006, 07:00:02
  5.4778, 3.40296,  368.457, 03 Jan 2006, 07:10:02
  5.4843, 3.40400,  373.782, 03 Jan 2006, 07:20:02
  5.4818, 3.40403,  379.420, 03 Jan 2006, 07:30:02
  5.4547, 3.40145,  382.489, 03 Jan 2006, 07:40:02
  5.4733, 3.40339,  383.554, 03 Jan 2006, 07:50:02
  5.4624, 3.40240,  383.930, 03 Jan 2006, 08:00:02
  5.4713, 3.40337,  388.378, 03 Jan 2006, 08:10:02
  5.4698, 3.40375,  395.832, 03 Jan 2006, 08:20:02
  5.4760, 3.40471,  405.667, 03 Jan 2006, 08:30:02
  5.3865, 3.39557,  415.002, 03 Jan 2006, 08:40:02
  5.4264, 3.40013,  420.640, 03 Jan 2006, 08:50:02
  5.4289, 3.40025,  422.832, 03 Jan 2006, 09:00:02
  5.4108, 3.39821,  424.899, 03 Jan 2006, 09:10:02
  5.3583, 3.39326,  427.718, 03 Jan 2006, 09:20:02
  5.3501, 3.39228,  430.788, 03 Jan 2006, 09:30:02
  5.3563, 3.39295,  433.544, 03 Jan 2006, 09:40:02
  5.3649, 3.39397,  435.799, 03 Jan 2006, 09:50:02
  5.3959, 3.39705,  440.561, 03 Jan 2006, 10:00:02
  5.3863, 3.39621,  440.811, 03 Jan 2006, 10:10:02
  5.3774, 3.39552,  442.941, 03 Jan 2006, 10:20:02
  5.3684, 3.39445,  444.632, 03 Jan 2006, 10:30:02
  5.3748, 3.39480,  439.370, 03 Jan 2006, 10:40:02
  5.3812, 3.39538,  437.679, 03 Jan 2006, 10:50:02
  5.3770, 3.39469,  435.549, 03 Jan 2006, 11:00:02
  5.3771, 3.39461,  431.853, 03 Jan 2006, 11:10:02
  5.3750, 3.39419,  428.721, 03 Jan 2006, 11:20:02
  5.3780, 3.39424,  424.899, 03 Jan 2006, 11:30:02
  5.4412, 3.40064,  421.579, 03 Jan 2006, 11:40:02
  5.4901, 3.40592,  419.324, 03 Jan 2006, 11:50:02
  5.3433, 3.39005,  414.688, 03 Jan 2006, 12:00:02
  5.3326, 3.38843,  408.862, 03 Jan 2006, 12:10:02
  5.3545, 3.39055,  403.600, 03 Jan 2006, 12:20:02
  5.3405, 3.38895,  399.215, 03 Jan 2006, 12:30:02
  5.3207, 3.38645,  395.081, 03 Jan 2006, 12:40:02
  5.3068, 3.38472,  389.380, 03 Jan 2006, 12:50:02
  5.3037, 3.38404,  384.932, 03 Jan 2006, 13:00:02
  5.3002, 3.38353,  380.986, 03 Jan 2006, 13:10:02
  5.2936, 3.38257,  376.225, 03 Jan 2006, 13:20:02
