Data_test/SBE/ov05-mc4008.asc
* Sea-Bird SBE37 Data File:
* FileName = C:\Documents and Settings\IFREMER\Bureau\Seacat\ov06-mc4008.asc
* Software Version 1.50
* Temperature SN = 4008
* Conductivity SN = 4008
* System UpLoad Time = juin 23 2006 17:24:45
** OVIDE 2006  mouillage 2Cbis
** R/V Maria S. Merian
*END*
[from data line 37649]
  5.1706, 3.37390,  345.592, 09 May 2006, 22:20:01
  5.1628, 3.37301,  344.213, 09 May 2006, 22:30:01
  5.1674, 3.37350,  343.336, 09 May 2006, 22:40:01
  5.1357, 3.37020,  342.585, 09 May 2006, 22:50:01
  5.0650, 3.36251,  342.021, 09 May 2006, 23:00:01
  5.0868, 3.36527,  341.269, 09 May 2006, 23:10:01
  4.6631, 3.32109,  340.705, 09 May 2006, 23:20:01
  4.6658, 3.32091,  340.141, 09 May 2006, 23:30:01
  4.6281, 3.31725,  339.703, 09 May 2006, 23:40:01
  4.6270, 3.31710,  339.390, 09 May 2006, 23:50:01
  4.6176, 3.31611,  339.139, 10 May 2006, 00:00:01
  4.6260, 3.31683,  338.826, 10 May 2006, 00:10:01
  4.6522, 3.31947,  338.763, 10 May 2006, 00:20:01
  4.6147, 3.31575,  338.826, 10 May 2006, 00:30:02
  4.6235, 3.31665,  338.826, 10 May 2006, 00:40:02
  4.6136, 3.31561,  338.763, 10 May 2006, 00:50:02
  4.5848, 3.31250,  338.638, 10 May 2006, 01:00:02
  4.5757, 3.31153,  338.763, 10 May 2006, 01:10:02
  4.5734, 3.31126,  339.014, 10 May 2006, 01:20:02
  4.6319, 3.31729,  339.390, 10 May 2006, 01:30:02
  4.6026, 3.31436,  339.640, 10 May 2006, 01:40:02
  4.6155, 3.31584,  340.329, 10 May 2006, 01:50:02
  4.6212, 3.31652,  341.269, 10 May 2006, 02:00:02
  4.6172, 3.31637,  342.522, 10 May 2006, 02:10:02
  4.6071, 3.31514,  343.524, 10 May 2006, 02:20:02
  4.6124, 3.31565,  344.527, 10 May 2006, 02:30:02
  4.6268, 3.31720,  345.341, 10 May 2006, 02:40:02
  4.6443, 3.31923,  346.469, 10 May 2006, 02:50:02
  4.6810, 3.32282,  347.596, 10 May 2006, 03:00:02
  4.6923, 3.32436,  348.598, 10 May 2006, 03:10:02
  4.6773, 3.32355,  349.851, 10 May 2006, 03:20:02
  4.6920, 3.32415,  350.791, 10 May 2006, 03:30:02
  4.7076, 3.32590,  351.605, 10 May 2006, 03:40:02
  4.7168, 3.32701,  352.921, 10 May 2006, 03:50:02
  4.7413, 3.32938,  353.986, 10 May 2006, 04:00:02
  4.6911, 3.32430,  354.988, 10 May 2006, 04:10:02
  4.6970, 3.32494,  355.990, 10 May 2006, 04:20:02
  4.7571, 3.33093,  356.993, 10 May 2006, 04:30:02
  4.7036, 3.32578,  357.745, 10 May 2006, 04:40:02
  4.7187, 3.32786,  358.308, 10 May 2006, 04:50:02
  4.7440, 3.33010,  359.624, 10 May 2006, 05:00:02
  4.7314, 3.32873,  360.751, 10 May 2006, 05:10:02
  4.6924, 3.32494,  361.127, 10 May 2006, 05:20:02
  4.7162, 3.32723,  361.002, 10 May 2006, 05:30:02
  4.7234, 3.32799,  360.751, 10 May 2006, 05:40:02
  4.7033, 3.32598,  360.313, 10 May 2006, 05:50:02
  4.7010, 3.32557,  359.874, 10 May 2006, 06:00:02
  4.6979, 3.32519,  359.436, 10 May 2006, 06:10:02
  4.6988, 3.32520,  358.935, 10 May 2006, 06:20:02
  4.7381, 3.32911,  357.995, 10 May 2006, 06:30:02
  4.7149, 3.32672,  356.680, 10 May 2006, 06:40:02
  4.6868, 3.32378,  355.552, 10 May 2006, 06:50:02
  4.6745, 3.32231,  354.362, 10 May 2006, 07:00:02
  4.6840, 3.32320,  353.172, 10 May 2006, 07:10:02
  4.6782, 3.32273,  351.480, 10 May 2006, 07:20:02
  4.6655, 3.32147,  349.789, 10 May 2006, 07:30:02
  4.6533, 3.31993,  347.909, 10 May 2006, 07:40:02
  4.6687, 3.32115,  346.343, 10 May 2006, 07:50:02
  4.7188, 3.32631,  345.153, 10 May 2006, 08:00:02
  4.7214, 3.32655,  343.837, 10 May 2006, 08:10:02
  4.7102, 3.32533,  342.397, 10 May 2006, 08:20:02
  4.6374, 3.31804,  340.768, 10 May 2006, 08:30:02
  4.5498, 3.30859,  339.264, 10 May 2006, 08:40:02
  4.5677, 3.31037,  338.012, 10 May 2006, 08:50:02
  4.5734, 3.31089,  336.884, 10 May 2006, 09:00:02
  4.5768, 3.31113,  335.819, 10 May 2006, 09:10:02
  4.6862, 3.32195,  334.754, 10 May 2006, 09:20:02
  4.7759, 3.33139,  333.689, 10 May 2006, 09:30:02
  4.7775, 3.33200,  332.749, 10 May 2006, 09:40:02
  4.7321, 3.32710,  332.123, 10 May 2006, 09:50:02
  4.6878, 3.32270,  331.622, 10 May 2006, 10:00:02
  4.6003, 3.31356,  331.246, 10 May 2006, 10:10:02
  4.6950, 3.32278,  330.807, 10 May 2006, 10:20:02
  4.6986, 3.32336,  330.432, 10 May 2006, 10:30:02
  4.6009, 3.31324,  330.056, 10 May 2006, 10:40:02
  4.7047, 3.32244,  329.743, 10 May 2006, 10:50:02
  4.6084, 3.31478,  329.617, 10 May 2006, 11:00:02
  4.7721, 3.33103,  329.367, 10 May 2006, 11:10:02
  4.7121, 3.32474,  329.179, 10 May 2006, 11:20:02
  4.7123, 3.32462,  328.991, 10 May 2006, 11:30:02
  4.6960, 3.32273,  328.865, 10 May 2006, 11:40:02
  4.6754, 3.32002,  328.803, 10 May 2006, 11:50:02
  4.5699, 3.31266,  328.740, 10 May 2006, 12:00:02
  4.5341, 3.30698,  328.678, 10 May 2006, 12:10:02
  4.5116, 3.30386,  328.678, 10 May 2006, 12:20:02
  4.5149, 3.30420,  328.678, 10 May 2006, 12:30:02
  4.4993, 3.30261,  328.615, 10 May 2006, 12:40:02
  4.5078, 3.30313,  328.615, 10 May 2006, 12:50:02
  4.5764, 3.30961,  328.615, 10 May 2006, 13:00:02
  4.5877, 3.31144,  328.678, 10 May 2006, 13:10:02
  4.5927, 3.31183,  328.678, 10 May 2006, 13:20:02
  4.5777, 3.30988,  328.740, 10 May 2006, 13:30:02
  4.6087, 3.31280,  328.740, 10 May 2006, 13:40:02
  4.5752, 3.31052,  328.803, 10 May 2006, 13:50:02
  4.5035, 3.30162,  328.928, 10 May 2006, 14:00:02
  4.5341, 3.30326,  329.053, 10 May 2006, 14:10:02
  4.6124, 3.30704,  329.179, 10 May 2006, 14:20:02
  4.5632, 3.30776,  329.367, 10 May 2006, 14:30:02
  4.5384, 3.30553,  329.617, 10 May 2006, 14:40:02
  4.3948, 3.29349,  329.805, 10 May 2006, 14:50:02
  4.2050, 3.27024,  330.056, 10 May 2006, 15:00:02
  4.1573, 3.26523,  330.306, 10 May 2006, 15:10:02
  4.1955, 3.26910,  330.494, 10 May 2006, 15:20:02
  4.1575, 3.26518,  330.620, 10 May 2006, 15:30:02
  4.1657, 3.26630,  330.745, 10 May 2006, 15:40:02
  4.1473, 3.26433,  330.933, 10 May 2006, 15:50:02
  4.1233, 3.26181,  331.058, 10 May 2006, 16:00:02
  4.1201, 3.26162,  331.183, 10 May 2006, 16:10:02
  4.0811, 3.25740,  331.309, 10 May 2006, 16:20:02
  4.1026, 3.25954,  331.497, 10 May 2006, 16:30:02
  4.1019, 3.25963,  331.684, 10 May 2006, 16:40:02
  4.0751, 3.25679,  331.935, 10 May 2006, 16:50:02
  4.0587, 3.25485,  332.186, 10 May 2006, 17:00:02
  4.0549, 3.25440,  332.374, 10 May 2006, 17:10:02
  4.0611, 3.25521,  332.812, 10 May 2006, 17:20:02
  4.0562, 3.25455,  333.251, 10 May 2006, 17:30:02
  4.0092, 3.24956,  333.313, 10 May 2006, 17:40:02
  3.9759, 3.24596,  333.313, 10 May 2006, 17:50:02
  3.9867, 3.24692,  333.251, 10 May 2006, 18:00:02
  3.9821, 3.24665,  333.313, 10 May 2006, 18:10:02
  3.9960, 3.24812,  333.376, 10 May 2006, 18:20:02
  4.0185, 3.25087,  333.251, 10 May 2006, 18:30:02
  3.9923, 3.24782,  333.000, 10 May 2006, 18:40:02
  4.0233, 3.25071,  332.937, 10 May 2006, 18:50:02
  3.9854, 3.24711,  332.812, 10 May 2006, 19:00:02
  3.9713, 3.24547,  332.687, 10 May 2006, 19:10:02
  4.0059, 3.24892,  332.499, 10 May 2006, 19:20:02
  4.0184, 3.25053,  332.374, 10 May 2006, 19:30:02
  3.9642, 3.24452,  331.872, 10 May 2006, 19:40:02
  3.9682, 3.24512,  331.622, 10 May 2006, 19:50:02
  3.9120, 3.23900,  331.246, 10 May 2006, 20:00:02
  3.9800, 3.24620,  330.995, 10 May 2006, 20:10:02
  4.0048, 3.24880,  330.995, 10 May 2006, 20:20:02
  4.0835, 3.25417,  330.995, 10 May 2006, 20:30:02
  4.1028, 3.25921,  330.557, 10 May 2006, 20:40:02
  4.0952, 3.25785,  330.244, 10 May 2006, 20:50:02
  4.0202, 3.25032,  329.930, 10 May 2006, 21:00:02
  4.0482, 3.25416,  329.680, 10 May 2006, 21:10:02
  3.9688, 3.24410,  329.555, 10 May 2006, 21:20:02
  3.9155, 3.23931,  329.429, 10 May 2006, 21:30:02
  3.8947, 3.23688,  329.304, 10 May 2006, 21:40:02
  3.9247, 3.23968,  329.116, 10 May 2006, 21:50:02
  3.8871, 3.23589,  328.991, 10 May 2006, 22:00:02
  3.7978, 3.22730,  328.928, 10 May 2006, 22:10:02
  3.7800, 3.22404,  328.865, 10 May 2006, 22:20:02
  3.6901, 3.21530,  328.740, 10 May 2006, 22:30:02
  3.6537, 3.21173,  328.678, 10 May 2006, 22:40:02
  3.6230, 3.20828,  328.615, 10 May 2006, 22:50:02
  3.5198, 3.19782,  328.615, 10 May 2006, 23:00:02
  3.5695, 3.20166,  328.490, 10 May 2006, 23:10:02
  3.6042, 3.20635,  328.490, 10 May 2006, 23:20:02
  3.5920, 3.20421,  328.427, 10 May 2006, 23:30:02
  3.6013, 3.20610,  328.427, 10 May 2006, 23:40:02
  3.5878, 3.20428,  328.364, 10 May 2006, 23:50:02
  3.5578, 3.20083,  328.364, 11 May 2006, 00:00:02
  3.4594, 3.19147,  328.364, 11 May 2006, 00:10:02
  3.4454, 3.18919,  328.364, 11 May 2006, 00:20:02
  3.4749, 3.19181,  328.364, 11 May 2006, 00:30:02
  3.4858, 3.19362,  328.302, 11 May 2006, 00:40:02
  3.4847, 3.19343,  328.364, 11 May 2006, 00:50:02
  3.4860, 3.19353,  328.364, 11 May 2006, 01:00:02
  3.4778, 3.19257,  328.364, 11 May 2006, 01:10:02
  3.5079, 3.19581,  328.364, 11 May 2006, 01:20:02
  3.5229, 3.19754,  328.364, 11 May 2006, 01:30:02
  3.5083, 3.19545,  328.427, 11 May 2006, 01:40:02
  3.4945, 3.19454,  328.427, 11 May 2006, 01:50:02
  3.4862, 3.19333,  328.490, 11 May 2006, 02:00:02
  3.4723, 3.19186,  328.552, 11 May 2006, 02:10:02
  3.4726, 3.19098,  328.552, 11 May 2006, 02:20:02
  3.4294, 3.18817,  328.615, 11 May 2006, 02:30:02
  3.4121, 3.18497,  328.678, 11 May 2006, 02:40:02
  3.4231, 3.18576,  328.678, 11 May 2006, 02:50:02
  3.4288, 3.18589,  328.740, 11 May 2006, 03:00:02
  3.4365, 3.18726,  328.803, 11 May 2006, 03:10:02
  3.4464, 3.18794,  328.928, 11 May 2006, 03:20:02
  3.4378, 3.18740,  328.991, 11 May 2006, 03:30:02
  3.4401, 3.18743,  329.053, 11 May 2006, 03:40:02
  3.4368, 3.18693,  329.116, 11 May 2006, 03:50:02
  3.4519, 3.18897,  329.241, 11 May 2006, 04:00:02
  3.4863, 3.19305,  329.304, 11 May 2006, 04:10:02
  3.5087, 3.19508,  329.429, 11 May 2006, 04:20:02
  3.5664, 3.20080,  329.555, 11 May 2006, 04:30:02
  3.6465, 3.20937,  329.617, 11 May 2006, 04:40:02
  3.7379, 3.21711,  329.680, 11 May 2006, 04:50:02
  3.8768, 3.23433,  329.743, 11 May 2006, 05:00:02
  3.9922, 3.24667,  329.805, 11 May 2006, 05:10:02
  4.0735, 3.25535,  329.868, 11 May 2006, 05:20:02
  4.1585, 3.26378,  329.993, 11 May 2006, 05:30:02
  4.1700, 3.26559,  330.056, 11 May 2006, 05:40:02
  4.1890, 3.26723,  330.056, 11 May 2006, 05:50:02
  4.2110, 3.26860,  330.056, 11 May 2006, 06:00:02
  4.2061, 3.26973,  330.118, 11 May 2006, 06:10:02
  4.2193, 3.27077,  330.118, 11 May 2006, 06:20:02
  4.2140, 3.27012,  330.181, 11 May 2006, 06:30:02
  4.2375, 3.27318,  330.244, 11 May 2006, 06:40:02
  4.2556, 3.27464,  330.244, 11 May 2006, 06:50:02
  4.2892, 3.27816,  330.244, 11 May 2006, 07:00:02
  4.3020, 3.27968,  330.244, 11 May 2006, 07:10:02
  4.3298, 3.28235,  330.181, 11 May 2006, 07:20:02
  4.3085, 3.28000,  330.181, 11 May 2006, 07:30:02
  4.3083, 3.28001,  330.118, 11 May 2006, 07:40:02
  4.3081, 3.28006,  329.993, 11 May 2006, 07:50:02
  4.3142, 3.28150,  329.993, 11 May 2006, 08:00:02
  4.3222, 3.28161,  329.930, 11 May 2006, 08:10:02
  4.3355, 3.28307,  329.868, 11 May 2006, 08:20:02
  4.3454, 3.28436,  329.805, 11 May 2006, 08:30:02
  4.3479, 3.28442,  329.680, 11 May 2006, 08:40:02
  4.3459, 3.28411,  329.555, 11 May 2006, 08:50:02
  4.3527, 3.28491,  329.492, 11 May 2006, 09:00:02
  4.3989, 3.28945,  329.367, 11 May 2006, 09:10:02
  4.4250, 3.29275,  329.241, 11 May 2006, 09:20:02
  4.4335, 3.29383,  329.179, 11 May 2006, 09:30:02
  4.4478, 3.29529,  329.053, 11 May 2006, 09:40:02
  4.4484, 3.29561,  328.991, 11 May 2006, 09:50:02
  4.4371, 3.29459,  328.865, 11 May 2006, 10:00:02
  4.4355, 3.29427,  328.803, 11 May 2006, 10:10:02
  4.4184, 3.29366,  328.678, 11 May 2006, 10:20:02
  4.4210, 3.29256,  328.615, 11 May 2006, 10:30:02
  4.4347, 3.29312,  328.552, 11 May 2006, 10:40:02
  4.4328, 3.29402,  328.490, 11 May 2006, 10:50:02
  4.4379, 3.29439,  328.427, 11 May 2006, 11:00:02
  4.3866, 3.29030,  328.364, 11 May 2006, 11:10:02
  4.2391, 3.27262,  328.302, 11 May 2006, 11:20:01
  4.3403, 3.28272,  328.302, 11 May 2006, 11:30:01
  4.4328, 3.29365,  328.239, 11 May 2006, 11:40:01
  4.4296, 3.29331,  328.176, 11 May 2006, 11:50:01
  4.3840, 3.28863,  328.176, 11 May 2006, 12:00:01
  4.3731, 3.28750,  328.176, 11 May 2006, 12:10:01
  4.2592, 3.27529,  328.114, 11 May 2006, 12:20:01
  4.1432, 3.26273,  328.114, 11 May 2006, 12:30:01
  4.1383, 3.26178,  328.114, 11 May 2006, 12:40:01
  4.2238, 3.27114,  328.114, 11 May 2006, 12:50:01
  4.2191, 3.27056,  328.114, 11 May 2006, 13:00:01
  4.1543, 3.26431,  328.114, 11 May 2006, 13:10:01
  4.1795, 3.26638,  328.114, 11 May 2006, 13:20:01
  4.1180, 3.25940,  328.114, 11 May 2006, 13:30:01
  4.1321, 3.26047,  328.176, 11 May 2006, 13:40:01
  4.1988, 3.26772,  328.176, 11 May 2006, 13:50:01
  4.1895, 3.26530,  328.239, 11 May 2006, 14:00:01
  4.2188, 3.27045,  328.302, 11 May 2006, 14:10:01
  4.2193, 3.27063,  328.364, 11 May 2006, 14:20:01
  4.2336, 3.27227,  328.364, 11 May 2006, 14:30:01
  4.2420, 3.27299,  328.427, 11 May 2006, 14:40:01
  4.2379, 3.27209,  328.490, 11 May 2006, 14:50:01
  4.1449, 3.26175,  328.552, 11 May 2006, 15:00:01
  4.0997, 3.25728,  328.678, 11 May 2006, 15:10:01
  4.2505, 3.27271,  328.740, 11 May 2006, 15:20:01
  4.2790, 3.27682,  328.865, 11 May 2006, 15:30:01
  4.3021, 3.27900,  328.928, 11 May 2006, 15:40:01
  4.3188, 3.28090,  329.053, 11 May 2006, 15:50:01
  4.3364, 3.28347,  329.179, 11 May 2006, 16:00:01
  4.2797, 3.27740,  329.241, 11 May 2006, 16:10:01
  4.3837, 3.28794,  329.429, 11 May 2006, 16:20:01
  4.3963, 3.28861,  329.680, 11 May 2006, 16:30:01
  4.4202, 3.29196,  329.930, 11 May 2006, 16:40:01
  4.4272, 3.29311,  330.056, 11 May 2006, 16:50:01
  4.4709, 3.29864,  330.369, 11 May 2006, 17:00:01
  4.4957, 3.30020,  330.745, 11 May 2006, 17:10:01
  4.4679, 3.29656,  331.183, 11 May 2006, 17:20:01
  4.5582, 3.30561,  331.559, 11 May 2006, 17:30:01
  4.6767, 3.31916,  331.872, 11 May 2006, 17:40:01
  4.7484, 3.32657,  332.248, 11 May 2006, 17:50:01
  4.5990, 3.31120,  332.812, 11 May 2006, 18:00:01
  4.5516, 3.30905,  333.063, 11 May 2006, 18:10:01
  4.5397, 3.30609,  333.313, 11 May 2006, 18:20:01
  4.6162, 3.31131,  333.626, 11 May 2006, 18:30:01
  4.6992, 3.32166,  334.002, 11 May 2006, 18:40:01
  4.5733, 3.30842,  334.253, 11 May 2006, 18:50:01
  4.3734, 3.28853,  334.566, 11 May 2006, 19:00:01
  4.4138, 3.29266,  335.005, 11 May 2006, 19:10:01
  4.4588, 3.29780,  335.318, 11 May 2006, 19:20:01
  4.3909, 3.29051,  335.756, 11 May 2006, 19:30:01
  4.3366, 3.28407,  335.944, 11 May 2006, 19:40:01
  4.3624, 3.28699,  335.882, 11 May 2006, 19:50:01
  4.3805, 3.28811,  335.506, 11 May 2006, 20:00:02
  4.4036, 3.28806,  335.506, 11 May 2006, 20:10:02
  4.4150, 3.29291,  335.631, 11 May 2006, 20:20:02
  4.4170, 3.29330,  335.568, 11 May 2006, 20:30:02
  4.4142, 3.29283,  335.568, 11 May 2006, 20:40:02
  4.3755, 3.28876,  335.067, 11 May 2006, 20:50:02
  4.3683, 3.28745,  334.629, 11 May 2006, 21:00:02
  4.3592, 3.28700,  334.316, 11 May 2006, 21:10:02
  4.4308, 3.29420,  334.253, 11 May 2006, 21:20:02
  4.4196, 3.29306,  333.564, 11 May 2006, 21:30:02
  4.3888, 3.29014,  333.125, 11 May 2006, 21:40:02
  4.3539, 3.28555,  332.749, 11 May 2006, 21:50:02
  4.3663, 3.28780,  332.060, 11 May 2006, 22:00:02
  4.3698, 3.28727,  331.559, 11 May 2006, 22:10:02
  4.3494, 3.28540,  331.246, 11 May 2006, 22:20:02
  4.3487, 3.28499,  330.870, 11 May 2006, 22:30:02
  4.4131, 3.29212,  330.369, 11 May 2006, 22:40:02
  4.4069, 3.29141,  329.930, 11 May 2006, 22:50:02
  4.3787, 3.28807,  329.492, 11 May 2006, 23:00:02
  4.3610, 3.28666,  329.241, 11 May 2006, 23:10:02
  4.3682, 3.28701,  329.053, 11 May 2006, 23:20:02
  4.3645, 3.28652,  328.865, 11 May 2006, 23:30:02
  4.3717, 3.28691,  328.678, 11 May 2006, 23:40:02
  4.3614, 3.28736,  328.552, 11 May 2006, 23:50:02
  4.3692, 3.28726,  328.490, 12 May 2006, 00:00:02
  4.3983, 3.29032,  328.364, 12 May 2006, 00:10:02
  4.4241, 3.29332,  328.302, 12 May 2006, 00:20:02
  4.4188, 3.29300,  328.239, 12 May 2006, 00:30:02
  4.4301, 3.29427,  328.239, 12 May 2006, 00:40:02
  4.4407, 3.29551,  328.176, 12 May 2006, 00:50:02
  4.4635, 3.29737,  328.176, 12 May 2006, 01:00:02
  4.4816, 3.29934,  328.176, 12 May 2006, 01:10:02
  4.4057, 3.29183,  328.176, 12 May 2006, 01:20:02
  4.4052, 3.29102,  328.176, 12 May 2006, 01:30:02
  4.4304, 3.29381,  328.176, 12 May 2006, 01:40:02
  4.4425, 3.29514,  328.239, 12 May 2006, 01:50:02
  4.3514, 3.28626,  328.239, 12 May 2006, 02:00:02
  4.4281, 3.29361,  328.302, 12 May 2006, 02:10:02
  4.4357, 3.29412,  328.302, 12 May 2006, 02:20:02
