Data_test/SBE/ov05-mc4008.asc
* Sea-Bird SBE37 Data File:
* FileName = C:\Documents and Settings\IFREMER\Bureau\Seacat\ov06-mc4008.asc
* Software Version 1.50
* Temperature SN = 4008
* Conductivity SN = 4008
* System UpLoad Time = juin 23 2006 17:24:45
** OVIDE 2006  mouillage 2Cbis
** R/V Maria S. Merian
*END*
[from data line 10982]
  6.1911, 3.46547,  334.942, 05 Nov 2005, 17:50:03
  6.1279, 3.46132,  335.568, 05 Nov 2005, 18:00:03
  6.1570, 3.46325,  336.195, 05 Nov 2005, 18:10:03
  6.1359, 3.46196,  336.571, 05 Nov 2005, 18:20:03
  6.0938, 3.45834,  337.385, 05 Nov 2005, 18:30:03
  6.1317, 3.46143,  338.450, 05 Nov 2005, 18:40:03
  6.1153, 3.46016,  339.390, 05 Nov 2005, 18:50:03
  6.1383, 3.46185,  340.392, 05 Nov 2005, 19:00:03
  6.1149, 3.46014,  342.021, 05 Nov 2005, 19:10:03
  6.0859, 3.45812,  343.900, 05 Nov 2005, 19:20:03
  6.0061, 3.45087,  346.531, 05 Nov 2005, 19:30:03
  5.9440, 3.44511,  349.288, 05 Nov 2005, 19:40:03
  5.9261, 3.44327,  351.543, 05 Nov 2005, 19:50:03
  5.8376, 3.43554,  353.610, 05 Nov 2005, 20:00:03
  5.8456, 3.43665,  356.868, 05 Nov 2005, 20:10:03
  5.8430, 3.43622,  360.877, 05 Nov 2005, 20:20:03
  5.8834, 3.44074,  364.635, 05 Nov 2005, 20:30:03
  5.8945, 3.44211,  367.956, 05 Nov 2005, 20:40:03
  5.9014, 3.44213,  370.086, 05 Nov 2005, 20:50:03
  5.7554, 3.42885,  373.406, 05 Nov 2005, 21:00:03
  5.7029, 3.42409,  378.104, 05 Nov 2005, 21:10:03
  5.4748, 3.40415,  382.802, 05 Nov 2005, 21:20:02
  5.6241, 3.41573,  385.371, 05 Nov 2005, 21:30:02
  5.5675, 3.41029,  386.999, 05 Nov 2005, 21:40:02
  5.5726, 3.41108,  385.747, 05 Nov 2005, 21:50:02
  5.5840, 3.41273,  382.802, 05 Nov 2005, 22:00:02
  5.5804, 3.41205,  381.612, 05 Nov 2005, 22:10:02
  5.4887, 3.40300,  381.549, 05 Nov 2005, 22:20:02
  5.4328, 3.39698,  383.366, 05 Nov 2005, 22:30:02
  5.4585, 3.39961,  385.559, 05 Nov 2005, 22:40:02
  5.3918, 3.39345,  388.002, 05 Nov 2005, 22:50:02
  5.4053, 3.39477,  387.689, 05 Nov 2005, 23:00:02
  5.3781, 3.39326,  386.498, 05 Nov 2005, 23:10:02
  5.4084, 3.39546,  383.116, 05 Nov 2005, 23:20:02
  5.3682, 3.39184,  379.106, 05 Nov 2005, 23:30:02
  5.3570, 3.39041,  377.853, 05 Nov 2005, 23:40:02
  5.3346, 3.38853,  374.659, 05 Nov 2005, 23:50:02
  5.3691, 3.39143,  370.649, 06 Nov 2005, 00:00:02
  5.3719, 3.39049,  366.202, 06 Nov 2005, 00:10:02
  5.3853, 3.39062,  360.626, 06 Nov 2005, 00:20:02
  5.4324, 3.39572,  357.682, 06 Nov 2005, 00:30:02
  5.4844, 3.40049,  356.554, 06 Nov 2005, 00:40:02
  5.6047, 3.41193,  352.733, 06 Nov 2005, 00:50:02
  5.5400, 3.40616,  349.350, 06 Nov 2005, 01:00:02
  5.5357, 3.40479,  346.719, 06 Nov 2005, 01:10:02
  5.5455, 3.40662,  344.902, 06 Nov 2005, 01:20:02
  5.5558, 3.40811,  343.963, 06 Nov 2005, 01:30:02
  5.5618, 3.40968,  342.522, 06 Nov 2005, 01:40:02
  5.5655, 3.40888,  340.141, 06 Nov 2005, 01:50:02
  5.4778, 3.40095,  338.325, 06 Nov 2005, 02:00:02
  5.5067, 3.40363,  337.824, 06 Nov 2005, 02:10:02
  5.5420, 3.40678,  337.886, 06 Nov 2005, 02:20:02
  5.5624, 3.40915,  337.886, 06 Nov 2005, 02:30:02
  5.5611, 3.40935,  337.260, 06 Nov 2005, 02:40:02
  5.5880, 3.41148,  336.445, 06 Nov 2005, 02:50:02
  5.6391, 3.41684,  335.819, 06 Nov 2005, 03:00:02
  5.7444, 3.42783,  335.067, 06 Nov 2005, 03:10:02
  5.8403, 3.43718,  334.441, 06 Nov 2005, 03:20:02
  5.8489, 3.43893,  334.190, 06 Nov 2005, 03:30:02
  5.9106, 3.44585,  334.566, 06 Nov 2005, 03:40:02
  6.1987, 3.47348,  334.002, 06 Nov 2005, 03:50:02
  5.9997, 3.45502,  333.376, 06 Nov 2005, 04:00:02
  6.0414, 3.45835,  333.313, 06 Nov 2005, 04:10:02
  5.9766, 3.45072,  333.564, 06 Nov 2005, 04:20:02
  5.8791, 3.44234,  334.441, 06 Nov 2005, 04:30:02
  6.0387, 3.45767,  335.631, 06 Nov 2005, 04:40:02
  6.1314, 3.46756,  336.696, 06 Nov 2005, 04:50:02
  6.0619, 3.46065,  337.886, 06 Nov 2005, 05:00:02
  6.0576, 3.46029,  337.886, 06 Nov 2005, 05:10:02
  5.9652, 3.45188,  337.448, 06 Nov 2005, 05:20:02
  6.1195, 3.46599,  338.074, 06 Nov 2005, 05:30:02
  6.0009, 3.45614,  339.640, 06 Nov 2005, 05:40:02
  6.1285, 3.46795,  342.271, 06 Nov 2005, 05:50:02
  6.1648, 3.47187,  345.905, 06 Nov 2005, 06:00:02
  5.8927, 3.44579,  351.543, 06 Nov 2005, 06:10:02
  5.9751, 3.45346,  354.111, 06 Nov 2005, 06:20:02
  5.9857, 3.45486,  354.362, 06 Nov 2005, 06:30:02
  5.9731, 3.45393,  360.313, 06 Nov 2005, 06:40:02
  5.7757, 3.43408,  364.761, 06 Nov 2005, 06:50:02
  5.8124, 3.43847,  364.385, 06 Nov 2005, 07:00:02
  5.9156, 3.44766,  367.580, 06 Nov 2005, 07:10:02
  5.8039, 3.43614,  375.849, 06 Nov 2005, 07:20:02
  5.8250, 3.43834,  377.352, 06 Nov 2005, 07:30:02
  5.8191, 3.43857,  384.368, 06 Nov 2005, 07:40:02
  5.7693, 3.43289,  385.997, 06 Nov 2005, 07:50:02
  5.6819, 3.42545,  392.575, 06 Nov 2005, 08:00:02
  5.7105, 3.43071,  397.900, 06 Nov 2005, 08:10:02
  5.8113, 3.43922,  399.904, 06 Nov 2005, 08:20:02
  5.7820, 3.43587,  399.591, 06 Nov 2005, 08:30:02
  5.8164, 3.43968,  404.665, 06 Nov 2005, 08:40:02
  5.9327, 3.45078,  408.299, 06 Nov 2005, 08:50:02
  5.9384, 3.45279,  411.118, 06 Nov 2005, 09:00:02
  5.9595, 3.45476,  413.122, 06 Nov 2005, 09:10:02
  5.7689, 3.43442,  414.438, 06 Nov 2005, 09:20:02
  5.8620, 3.44496,  415.503, 06 Nov 2005, 09:30:02
  5.8692, 3.44542,  417.069, 06 Nov 2005, 09:40:02
  5.9573, 3.45487,  419.073, 06 Nov 2005, 09:50:02
  5.9334, 3.45286,  422.143, 06 Nov 2005, 10:00:02
  5.8531, 3.44486,  421.704, 06 Nov 2005, 10:10:02
  5.8112, 3.44043,  420.138, 06 Nov 2005, 10:20:02
  5.7677, 3.43591,  419.637, 06 Nov 2005, 10:30:02
  5.7055, 3.42968,  421.517, 06 Nov 2005, 10:40:02
  5.6914, 3.42795,  423.709, 06 Nov 2005, 10:50:02
  5.5948, 3.41811,  425.275, 06 Nov 2005, 11:00:02
  5.5276, 3.41029,  423.083, 06 Nov 2005, 11:10:02
  5.4127, 3.39846,  420.013, 06 Nov 2005, 11:20:02
  5.3758, 3.39413,  418.823, 06 Nov 2005, 11:30:02
  5.2943, 3.38553,  417.257, 06 Nov 2005, 11:40:02
  5.2744, 3.38350,  414.500, 06 Nov 2005, 11:50:02
  5.2635, 3.38186,  411.243, 06 Nov 2005, 12:00:02
  5.2965, 3.38511,  408.048, 06 Nov 2005, 12:10:02
  5.2736, 3.38193,  404.665, 06 Nov 2005, 12:20:02
  5.2739, 3.38154,  398.965, 06 Nov 2005, 12:30:02
  5.2434, 3.37820,  392.888, 06 Nov 2005, 12:40:02
  5.2352, 3.37702,  386.999, 06 Nov 2005, 12:50:02
  5.2372, 3.37692,  380.297, 06 Nov 2005, 13:00:02
  5.2483, 3.37808,  374.533, 06 Nov 2005, 13:10:02
  5.2569, 3.37914,  370.148, 06 Nov 2005, 13:20:02
  5.3072, 3.38461,  365.700, 06 Nov 2005, 13:30:02
  5.3454, 3.38755,  361.503, 06 Nov 2005, 13:40:02
  5.4335, 3.39695,  358.183, 06 Nov 2005, 13:50:02
  5.3756, 3.38918,  355.051, 06 Nov 2005, 14:00:02
  5.3443, 3.38594,  351.731, 06 Nov 2005, 14:10:02
  5.3466, 3.38613,  349.100, 06 Nov 2005, 14:20:02
  5.3259, 3.38404,  347.534, 06 Nov 2005, 14:30:02
  5.4302, 3.39436,  345.842, 06 Nov 2005, 14:40:02
  5.3418, 3.38465,  343.587, 06 Nov 2005, 14:50:02
  5.3280, 3.38294,  341.081, 06 Nov 2005, 15:00:02
  5.3315, 3.38362,  339.578, 06 Nov 2005, 15:10:02
  5.3452, 3.38467,  338.575, 06 Nov 2005, 15:20:02
  5.3513, 3.38611,  337.761, 06 Nov 2005, 15:30:02
  5.6557, 3.41543,  337.072, 06 Nov 2005, 15:40:02
  5.5578, 3.40627,  336.696, 06 Nov 2005, 15:50:02
  5.4518, 3.39540,  336.007, 06 Nov 2005, 16:00:02
  5.4002, 3.39031,  335.193, 06 Nov 2005, 16:10:02
  5.3648, 3.38617,  334.817, 06 Nov 2005, 16:20:02
  5.4195, 3.39180,  334.629, 06 Nov 2005, 16:30:02
  5.5280, 3.40141,  334.128, 06 Nov 2005, 16:40:02
  5.5636, 3.40789,  334.190, 06 Nov 2005, 16:50:02
  5.5192, 3.40141,  333.626, 06 Nov 2005, 17:00:02
  5.4334, 3.39173,  333.501, 06 Nov 2005, 17:10:02
  5.4044, 3.38963,  333.626, 06 Nov 2005, 17:20:02
  5.4149, 3.39078,  333.877, 06 Nov 2005, 17:30:02
  5.4255, 3.39072,  334.190, 06 Nov 2005, 17:40:02
  5.4185, 3.39092,  334.441, 06 Nov 2005, 17:50:02
  5.3966, 3.38863,  334.879, 06 Nov 2005, 18:00:02
  5.3918, 3.38834,  335.694, 06 Nov 2005, 18:10:02
  5.3849, 3.38765,  336.070, 06 Nov 2005, 18:20:02
  5.3780, 3.38698,  336.571, 06 Nov 2005, 18:30:02
  5.3693, 3.38617,  337.072, 06 Nov 2005, 18:40:02
  5.3571, 3.38516,  337.385, 06 Nov 2005, 18:50:02
  5.3366, 3.38291,  337.824, 06 Nov 2005, 19:00:02
  5.3692, 3.38611,  338.325, 06 Nov 2005, 19:10:02
  5.4099, 3.39006,  338.638, 06 Nov 2005, 19:20:02
  5.4584, 3.39469,  338.889, 06 Nov 2005, 19:30:02
  5.5389, 3.40167,  339.139, 06 Nov 2005, 19:40:02
  5.5523, 3.40380,  339.515, 06 Nov 2005, 19:50:02
  5.5659, 3.40512,  339.766, 06 Nov 2005, 20:00:02
  5.5832, 3.40611,  339.828, 06 Nov 2005, 20:10:02
  5.5922, 3.40654,  339.954, 06 Nov 2005, 20:20:02
  5.6004, 3.40744,  340.016, 06 Nov 2005, 20:30:02
  5.6275, 3.40996,  340.329, 06 Nov 2005, 20:40:02
  5.6249, 3.40991,  340.768, 06 Nov 2005, 20:50:02
  5.5771, 3.40516,  340.831, 06 Nov 2005, 21:00:02
  5.6241, 3.40952,  341.144, 06 Nov 2005, 21:10:02
  5.6450, 3.41173,  341.394, 06 Nov 2005, 21:20:02
  5.6490, 3.41239,  341.332, 06 Nov 2005, 21:30:02
  5.5945, 3.40688,  340.956, 06 Nov 2005, 21:40:02
  5.6144, 3.40877,  340.392, 06 Nov 2005, 21:50:02
  5.6138, 3.40884,  339.828, 06 Nov 2005, 22:00:02
  5.6678, 3.41425,  339.202, 06 Nov 2005, 22:10:02
  5.6728, 3.41500,  338.575, 06 Nov 2005, 22:20:02
  5.5497, 3.40267,  337.949, 06 Nov 2005, 22:30:02
  5.5089, 3.39847,  337.510, 06 Nov 2005, 22:40:02
  5.5743, 3.40471,  337.072, 06 Nov 2005, 22:50:02
  5.5261, 3.39940,  336.383, 06 Nov 2005, 23:00:02
  5.5285, 3.39945,  335.882, 06 Nov 2005, 23:10:02
  5.5552, 3.40204,  335.568, 06 Nov 2005, 23:20:02
  5.5417, 3.40066,  335.255, 06 Nov 2005, 23:30:02
  5.5063, 3.39767,  334.754, 06 Nov 2005, 23:40:02
  5.5554, 3.40205,  334.128, 06 Nov 2005, 23:50:02
  5.5670, 3.40322,  333.313, 07 Nov 2005, 00:00:02
  5.5762, 3.40371,  332.624, 07 Nov 2005, 00:10:02
  5.5806, 3.40436,  331.998, 07 Nov 2005, 00:20:02
  5.5971, 3.40604,  331.434, 07 Nov 2005, 00:30:02
  5.6289, 3.40905,  330.995, 07 Nov 2005, 00:40:02
  5.6499, 3.41131,  330.745, 07 Nov 2005, 00:50:02
  5.6816, 3.41452,  330.369, 07 Nov 2005, 01:00:02
  5.7769, 3.42350,  330.056, 07 Nov 2005, 01:10:02
  5.7423, 3.41981,  329.805, 07 Nov 2005, 01:20:02
  5.6257, 3.41057,  329.617, 07 Nov 2005, 01:30:02
  5.5943, 3.40629,  329.429, 07 Nov 2005, 01:40:02
  5.5801, 3.40596,  329.304, 07 Nov 2005, 01:50:02
  5.5287, 3.39764,  329.179, 07 Nov 2005, 02:00:02
  5.5314, 3.39750,  329.116, 07 Nov 2005, 02:10:02
  5.5302, 3.39774,  328.991, 07 Nov 2005, 02:20:02
  5.5258, 3.39735,  328.928, 07 Nov 2005, 02:30:02
  5.5367, 3.39735,  328.928, 07 Nov 2005, 02:40:02
  5.5262, 3.39735,  328.865, 07 Nov 2005, 02:50:02
  5.5311, 3.39769,  328.865, 07 Nov 2005, 03:00:02
  5.5316, 3.39785,  328.803, 07 Nov 2005, 03:10:02
  5.5289, 3.39760,  328.803, 07 Nov 2005, 03:20:02
  5.5343, 3.39778,  328.803, 07 Nov 2005, 03:30:02
  5.5325, 3.39794,  328.803, 07 Nov 2005, 03:40:02
  5.5339, 3.39791,  328.865, 07 Nov 2005, 03:50:02
  5.5262, 3.39752,  328.865, 07 Nov 2005, 04:00:02
  5.5303, 3.39801,  328.928, 07 Nov 2005, 04:10:02
  5.5119, 3.39506,  328.928, 07 Nov 2005, 04:20:02
  5.5546, 3.39934,  328.928, 07 Nov 2005, 04:30:02
  5.5827, 3.40124,  329.053, 07 Nov 2005, 04:40:02
  5.5816, 3.40159,  329.116, 07 Nov 2005, 04:50:02
  5.5712, 3.40177,  329.304, 07 Nov 2005, 05:00:02
  5.5528, 3.40037,  329.555, 07 Nov 2005, 05:10:02
  5.5168, 3.39710,  329.555, 07 Nov 2005, 05:20:02
  5.5301, 3.39652,  329.680, 07 Nov 2005, 05:30:02
  5.5315, 3.39761,  329.743, 07 Nov 2005, 05:40:02
  5.5227, 3.39657,  329.930, 07 Nov 2005, 05:50:02
  5.5143, 3.39563,  329.993, 07 Nov 2005, 06:00:02
  5.5614, 3.39778,  330.056, 07 Nov 2005, 06:10:02
  5.5780, 3.40306,  330.056, 07 Nov 2005, 06:20:02
  5.5673, 3.40094,  329.993, 07 Nov 2005, 06:30:02
  5.5533, 3.40022,  329.930, 07 Nov 2005, 06:40:02
  5.5341, 3.39777,  329.805, 07 Nov 2005, 06:50:02
  5.5351, 3.39737,  329.743, 07 Nov 2005, 07:00:02
  5.5472, 3.39870,  329.868, 07 Nov 2005, 07:10:02
  5.5632, 3.40100,  329.868, 07 Nov 2005, 07:20:02
  5.5898, 3.40333,  329.868, 07 Nov 2005, 07:30:02
  5.5879, 3.40255,  329.868, 07 Nov 2005, 07:40:02
  5.6420, 3.40846,  329.993, 07 Nov 2005, 07:50:02
  5.6009, 3.40546,  329.930, 07 Nov 2005, 08:00:02
  5.5518, 3.39834,  329.930, 07 Nov 2005, 08:10:02
  5.6160, 3.40620,  329.868, 07 Nov 2005, 08:20:02
  5.6321, 3.40806,  329.930, 07 Nov 2005, 08:30:02
  5.5554, 3.39944,  329.930, 07 Nov 2005, 08:40:02
  5.5384, 3.39668,  329.993, 07 Nov 2005, 08:50:02
  5.5519, 3.39848,  330.056, 07 Nov 2005, 09:00:02
  5.5711, 3.40044,  330.118, 07 Nov 2005, 09:10:02
  5.5786, 3.40100,  330.181, 07 Nov 2005, 09:20:02
  5.6223, 3.40567,  330.244, 07 Nov 2005, 09:30:02
  5.6368, 3.40793,  330.369, 07 Nov 2005, 09:40:02
  5.6507, 3.40838,  330.557, 07 Nov 2005, 09:50:02
  5.7307, 3.41688,  330.870, 07 Nov 2005, 10:00:02
  5.7441, 3.41863,  331.121, 07 Nov 2005, 10:10:02
  5.8411, 3.42941,  331.246, 07 Nov 2005, 10:20:02
  5.7426, 3.42084,  331.246, 07 Nov 2005, 10:30:02
  5.8636, 3.43269,  331.559, 07 Nov 2005, 10:40:02
  5.8871, 3.43424,  331.872, 07 Nov 2005, 10:50:02
  5.8118, 3.42678,  332.060, 07 Nov 2005, 11:00:02
  5.7974, 3.42466,  332.186, 07 Nov 2005, 11:10:02
  5.8117, 3.42562,  332.562, 07 Nov 2005, 11:20:02
  5.8034, 3.42555,  332.937, 07 Nov 2005, 11:30:02
  5.8188, 3.42828,  333.376, 07 Nov 2005, 11:40:02
  5.8103, 3.42764,  333.439, 07 Nov 2005, 11:50:02
  5.8758, 3.43413,  333.188, 07 Nov 2005, 12:00:02
  5.9026, 3.43667,  333.376, 07 Nov 2005, 12:10:02
  5.8745, 3.43495,  333.313, 07 Nov 2005, 12:20:02
  5.2481, 3.35974,  333.000, 07 Nov 2005, 12:30:02
  5.2034, 3.35982,  333.313, 07 Nov 2005, 12:40:02
  5.5449, 3.39711,  333.501, 07 Nov 2005, 12:50:02
  5.4553, 3.38753,  333.689, 07 Nov 2005, 13:00:02
  5.4066, 3.38184,  334.754, 07 Nov 2005, 13:10:02
  5.5825, 3.40110,  334.503, 07 Nov 2005, 13:20:02
  5.4105, 3.38251,  334.566, 07 Nov 2005, 13:30:02
  6.1451, 3.46020,  334.566, 07 Nov 2005, 13:40:02
  6.0835, 3.45394,  334.065, 07 Nov 2005, 13:50:02
  6.0381, 3.44591,  334.378, 07 Nov 2005, 14:00:02
  5.6640, 3.41057,  334.629, 07 Nov 2005, 14:10:02
  5.9290, 3.43775,  334.566, 07 Nov 2005, 14:20:02
  5.8776, 3.43132,  334.817, 07 Nov 2005, 14:30:02
  5.8241, 3.42573,  335.381, 07 Nov 2005, 14:40:02
  5.7507, 3.41860,  335.568, 07 Nov 2005, 14:50:02
  5.7379, 3.41682,  335.318, 07 Nov 2005, 15:00:02
  5.3772, 3.37569,  335.005, 07 Nov 2005, 15:10:02
  5.6799, 3.40878,  335.381, 07 Nov 2005, 15:20:02
  5.4508, 3.38362,  335.130, 07 Nov 2005, 15:30:02
  5.6264, 3.40519,  334.942, 07 Nov 2005, 15:40:02
  5.4981, 3.39112,  334.629, 07 Nov 2005, 15:50:02
  5.5595, 3.39664,  334.441, 07 Nov 2005, 16:00:02
  5.5855, 3.39978,  334.316, 07 Nov 2005, 16:10:02
  5.5808, 3.39902,  334.566, 07 Nov 2005, 16:20:02
  5.6029, 3.40148,  334.691, 07 Nov 2005, 16:30:02
  5.6429, 3.40678,  335.130, 07 Nov 2005, 16:40:02
  5.6257, 3.40453,  335.067, 07 Nov 2005, 16:50:02
  5.6143, 3.40256,  334.566, 07 Nov 2005, 17:00:02
  5.6599, 3.40813,  334.316, 07 Nov 2005, 17:10:02
  5.6988, 3.41261,  333.940, 07 Nov 2005, 17:20:02
  5.7453, 3.41791,  333.814, 07 Nov 2005, 17:30:02
  5.7373, 3.41729,  333.501, 07 Nov 2005, 17:40:02
  5.8101, 3.42565,  333.752, 07 Nov 2005, 17:50:02
  5.6536, 3.40561,  334.190, 07 Nov 2005, 18:00:02
  5.9399, 3.43676,  334.817, 07 Nov 2005, 18:10:02
  6.1825, 3.46750,  334.879, 07 Nov 2005, 18:20:02
  6.1386, 3.46006,  334.817, 07 Nov 2005, 18:30:02
  6.2649, 3.47464,  335.005, 07 Nov 2005, 18:40:02
  6.3046, 3.48084,  335.443, 07 Nov 2005, 18:50:02
  6.2912, 3.47825,  335.756, 07 Nov 2005, 19:00:02
  6.2321, 3.47171,  335.944, 07 Nov 2005, 19:10:02
  6.1602, 3.46454,  336.821, 07 Nov 2005, 19:20:02
  6.1203, 3.46038,  338.012, 07 Nov 2005, 19:30:02
  5.9948, 3.44650,  338.951, 07 Nov 2005, 19:40:02
  5.9531, 3.44173,  339.703, 07 Nov 2005, 19:50:02
  5.8963, 3.43656,  340.016, 07 Nov 2005, 20:00:02
  5.8658, 3.43254,  340.517, 07 Nov 2005, 20:10:02
  5.8337, 3.42803,  340.768, 07 Nov 2005, 20:20:02
  5.8696, 3.43284,  340.705, 07 Nov 2005, 20:30:02
  5.9797, 3.44490,  340.831, 07 Nov 2005, 20:40:02
  5.9356, 3.44073,  341.269, 07 Nov 2005, 20:50:02
  5.8010, 3.42612,  342.083, 07 Nov 2005, 21:00:02
  5.7699, 3.42313,  342.835, 07 Nov 2005, 21:10:02
  5.8045, 3.42656,  343.462, 07 Nov 2005, 21:20:02
  5.7495, 3.42098,  343.399, 07 Nov 2005, 21:30:02
  5.7343, 3.41884,  343.837, 07 Nov 2005, 21:40:02
  5.7471, 3.42073,  344.276, 07 Nov 2005, 21:50:02
