Data_test/SBE/ov05-mc4008.asc
* Sea-Bird SBE37 Data File:
* FileName = C:\Documents and Settings\IFREMER\Bureau\Seacat\ov06-mc4008.asc
* Software Version 1.50
* Temperature SN = 4008
* Conductivity SN = 4008
* System UpLoad Time = juin 23 2006 17:24:45
** OVIDE 2006  mouillage 2Cbis
** R/V Maria S. Merian
*END*
[from data line 25100]
  4.6350, 3.31653,  330.244, 11 Feb 2006, 18:50:02
  4.6316, 3.31661,  330.369, 11 Feb 2006, 19:00:02
  4.6295, 3.31646,  330.369, 11 Feb 2006, 19:10:02
  4.6924, 3.32241,  330.432, 11 Feb 2006, 19:20:02
  4.7249, 3.33019,  330.494, 11 Feb 2006, 19:30:02
  4.7730, 3.33130,  330.620, 11 Feb 2006, 19:40:02
  4.7845, 3.33127,  330.620, 11 Feb 2006, 19:50:02
  4.6476, 3.31800,  330.620, 11 Feb 2006, 20:00:02
  4.6567, 3.31913,  330.620, 11 Feb 2006, 20:10:02
  4.5492, 3.30791,  330.745, 11 Feb 2006, 20:20:02
  4.3599, 3.29265,  330.557, 11 Feb 2006, 20:30:02
  4.2528, 3.27635,  330.494, 11 Feb 2006, 20:40:02
  4.2174, 3.27269,  330.369, 11 Feb 2006, 20:50:02
  4.2215, 3.27248,  330.494, 11 Feb 2006, 21:00:02
  4.1917, 3.27003,  330.244, 11 Feb 2006, 21:10:02
  4.3047, 3.27903,  330.244, 11 Feb 2006, 21:20:02
  4.3232, 3.28148,  330.369, 11 Feb 2006, 21:30:02
  4.4299, 3.29474,  330.181, 11 Feb 2006, 21:40:02
  4.3869, 3.28963,  330.181, 11 Feb 2006, 21:50:02
  4.2355, 3.27548,  330.056, 11 Feb 2006, 22:00:02
  4.2404, 3.27457,  329.930, 11 Feb 2006, 22:10:02
  4.1965, 3.27051,  329.868, 11 Feb 2006, 22:20:02
  4.1995, 3.27044,  329.680, 11 Feb 2006, 22:30:02
  4.2104, 3.27210,  329.743, 11 Feb 2006, 22:40:02
  4.2165, 3.27240,  329.555, 11 Feb 2006, 22:50:02
  4.1611, 3.26727,  329.492, 11 Feb 2006, 23:00:02
  4.1313, 3.26423,  329.304, 11 Feb 2006, 23:10:02
  4.1231, 3.26289,  329.179, 11 Feb 2006, 23:20:02
  4.1304, 3.26349,  329.053, 11 Feb 2006, 23:30:02
  4.1469, 3.26478,  328.928, 11 Feb 2006, 23:40:02
  4.1534, 3.26574,  328.803, 11 Feb 2006, 23:50:02
  4.1454, 3.26496,  328.740, 12 Feb 2006, 00:00:02
  4.1568, 3.26585,  328.678, 12 Feb 2006, 00:10:02
  4.1708, 3.26743,  328.615, 12 Feb 2006, 00:20:02
  4.2260, 3.27273,  328.552, 12 Feb 2006, 00:30:02
  4.2224, 3.27502,  328.490, 12 Feb 2006, 00:40:02
  4.2090, 3.27266,  328.490, 12 Feb 2006, 00:50:02
  4.1565, 3.26684,  328.427, 12 Feb 2006, 01:00:02
  4.1539, 3.26596,  328.364, 12 Feb 2006, 01:10:02
  4.1495, 3.26558,  328.364, 12 Feb 2006, 01:20:02
  4.1502, 3.26560,  328.364, 12 Feb 2006, 01:30:02
  4.1493, 3.26528,  328.427, 12 Feb 2006, 01:40:02
  4.1820, 3.26951,  328.364, 12 Feb 2006, 01:50:02
  4.1594, 3.26694,  328.364, 12 Feb 2006, 02:00:02
  4.1679, 3.26704,  328.427, 12 Feb 2006, 02:10:02
  4.1400, 3.26461,  328.427, 12 Feb 2006, 02:20:02
  4.1434, 3.26477,  328.427, 12 Feb 2006, 02:30:02
  4.1309, 3.26313,  328.490, 12 Feb 2006, 02:40:02
  4.1339, 3.26410,  328.552, 12 Feb 2006, 02:50:02
  4.1544, 3.26496,  328.615, 12 Feb 2006, 03:00:02
  4.1120, 3.26225,  328.678, 12 Feb 2006, 03:10:02
  4.1170, 3.26247,  328.740, 12 Feb 2006, 03:20:02
  4.1023, 3.26085,  328.928, 12 Feb 2006, 03:30:02
  4.0999, 3.25997,  329.053, 12 Feb 2006, 03:40:01
  4.0844, 3.25849,  329.179, 12 Feb 2006, 03:50:01
  4.0797, 3.25792,  329.367, 12 Feb 2006, 04:00:01
  4.0818, 3.25778,  329.492, 12 Feb 2006, 04:10:01
  4.0717, 3.25703,  329.555, 12 Feb 2006, 04:20:01
  4.0688, 3.25671,  329.680, 12 Feb 2006, 04:30:01
  4.0597, 3.25589,  329.868, 12 Feb 2006, 04:40:01
  4.0678, 3.25653,  329.993, 12 Feb 2006, 04:50:01
  4.0629, 3.25617,  330.181, 12 Feb 2006, 05:00:01
  4.0536, 3.25488,  330.369, 12 Feb 2006, 05:10:01
  4.0450, 3.25343,  330.557, 12 Feb 2006, 05:20:01
  4.0319, 3.25227,  330.807, 12 Feb 2006, 05:30:01
  4.0381, 3.25334,  330.995, 12 Feb 2006, 05:40:01
  4.0426, 3.25391,  331.497, 12 Feb 2006, 05:50:01
  4.0377, 3.25331,  331.872, 12 Feb 2006, 06:00:01
  4.0179, 3.25076,  332.374, 12 Feb 2006, 06:10:01
  3.9938, 3.24755,  332.875, 12 Feb 2006, 06:20:01
  3.9919, 3.24725,  333.564, 12 Feb 2006, 06:30:01
  3.9786, 3.24588,  334.378, 12 Feb 2006, 06:40:01
  3.9695, 3.24503,  335.255, 12 Feb 2006, 06:50:01
  3.9653, 3.24459,  336.007, 12 Feb 2006, 07:00:01
  3.9567, 3.24356,  336.696, 12 Feb 2006, 07:10:01
  3.9768, 3.24673,  337.135, 12 Feb 2006, 07:20:01
  3.9587, 3.24408,  337.197, 12 Feb 2006, 07:30:01
  3.9736, 3.24596,  337.260, 12 Feb 2006, 07:40:01
  4.0155, 3.25141,  337.573, 12 Feb 2006, 07:50:01
  4.0854, 3.25890,  337.510, 12 Feb 2006, 08:00:01
  4.1147, 3.26223,  337.322, 12 Feb 2006, 08:10:01
  4.0648, 3.25746,  337.260, 12 Feb 2006, 08:20:01
  4.0357, 3.25306,  336.884, 12 Feb 2006, 08:30:01
  3.9792, 3.24672,  336.320, 12 Feb 2006, 08:40:01
  4.0751, 3.25799,  336.132, 12 Feb 2006, 08:50:01
  4.0328, 3.25321,  336.007, 12 Feb 2006, 09:00:01
  4.0478, 3.25330,  336.070, 12 Feb 2006, 09:10:01
  4.1472, 3.26567,  335.631, 12 Feb 2006, 09:20:01
  4.1947, 3.27024,  335.005, 12 Feb 2006, 09:30:01
  4.2429, 3.27553,  334.629, 12 Feb 2006, 09:40:01
  4.2021, 3.27122,  334.566, 12 Feb 2006, 09:50:01
  4.2353, 3.27420,  334.629, 12 Feb 2006, 10:00:01
  4.1859, 3.27054,  333.877, 12 Feb 2006, 10:10:01
  4.2208, 3.27332,  333.501, 12 Feb 2006, 10:20:01
  4.2935, 3.28064,  333.376, 12 Feb 2006, 10:30:01
  4.2426, 3.27522,  333.251, 12 Feb 2006, 10:40:01
  4.2156, 3.27234,  332.812, 12 Feb 2006, 10:50:01
  4.2319, 3.27427,  332.374, 12 Feb 2006, 11:00:01
  4.1511, 3.26547,  331.998, 12 Feb 2006, 11:10:01
  4.2467, 3.27558,  331.371, 12 Feb 2006, 11:20:01
  4.3054, 3.28245,  330.933, 12 Feb 2006, 11:30:01
  4.3538, 3.28749,  330.432, 12 Feb 2006, 11:40:01
  4.3972, 3.29182,  330.181, 12 Feb 2006, 11:50:01
  4.4146, 3.29275,  329.868, 12 Feb 2006, 12:00:01
  4.3842, 3.29052,  329.555, 12 Feb 2006, 12:10:01
  4.4482, 3.29718,  329.429, 12 Feb 2006, 12:20:01
  4.4576, 3.29848,  329.179, 12 Feb 2006, 12:30:01
  4.4714, 3.29968,  328.991, 12 Feb 2006, 12:40:01
  4.4411, 3.29606,  328.803, 12 Feb 2006, 12:50:01
  4.4164, 3.29399,  328.740, 12 Feb 2006, 13:00:01
  4.4096, 3.28892,  328.615, 12 Feb 2006, 13:10:01
  4.4722, 3.30045,  328.552, 12 Feb 2006, 13:20:01
  4.4761, 3.29977,  328.552, 12 Feb 2006, 13:30:01
  4.4369, 3.29537,  328.427, 12 Feb 2006, 13:40:01
  4.3379, 3.28511,  328.427, 12 Feb 2006, 13:50:01
  4.3228, 3.28407,  328.302, 12 Feb 2006, 14:00:01
  4.2601, 3.27804,  328.302, 12 Feb 2006, 14:10:01
  4.2556, 3.27609,  328.302, 12 Feb 2006, 14:20:01
  4.2533, 3.27582,  328.239, 12 Feb 2006, 14:30:01
  4.2768, 3.27870,  328.302, 12 Feb 2006, 14:40:01
  4.2832, 3.27880,  328.364, 12 Feb 2006, 14:50:01
  4.1337, 3.26453,  328.364, 12 Feb 2006, 15:00:01
  4.1843, 3.26724,  328.427, 12 Feb 2006, 15:10:01
  4.2024, 3.27024,  328.490, 12 Feb 2006, 15:20:01
  4.2211, 3.27246,  328.552, 12 Feb 2006, 15:30:01
  4.2276, 3.27396,  328.615, 12 Feb 2006, 15:40:01
  4.2396, 3.27454,  328.740, 12 Feb 2006, 15:50:01
  4.2186, 3.27583,  328.928, 12 Feb 2006, 16:00:01
  4.3636, 3.28667,  328.991, 12 Feb 2006, 16:10:01
  4.2568, 3.27540,  329.179, 12 Feb 2006, 16:20:01
  4.0854, 3.25871,  329.367, 12 Feb 2006, 16:30:01
  4.1821, 3.26834,  329.617, 12 Feb 2006, 16:40:01
  4.4203, 3.29276,  329.868, 12 Feb 2006, 16:50:01
  4.3797, 3.28826,  330.306, 12 Feb 2006, 17:00:01
  4.3307, 3.28350,  330.682, 12 Feb 2006, 17:10:01
  4.2191, 3.27051,  331.183, 12 Feb 2006, 17:20:01
  4.3319, 3.28390,  331.810, 12 Feb 2006, 17:30:01
  4.3667, 3.28786,  332.186, 12 Feb 2006, 17:40:01
  4.3686, 3.28758,  332.875, 12 Feb 2006, 17:50:01
  4.3891, 3.29004,  333.689, 12 Feb 2006, 18:00:01
  4.3818, 3.28961,  334.817, 12 Feb 2006, 18:10:01
  4.3752, 3.28993,  335.381, 12 Feb 2006, 18:20:01
  4.3756, 3.28898,  336.195, 12 Feb 2006, 18:30:01
  4.4053, 3.29230,  336.696, 12 Feb 2006, 18:40:02
  4.4546, 3.29719,  337.761, 12 Feb 2006, 18:50:02
  4.4796, 3.30318,  338.325, 12 Feb 2006, 19:00:02
  4.5948, 3.31171,  339.202, 12 Feb 2006, 19:10:02
  4.6144, 3.31275,  340.392, 12 Feb 2006, 19:20:02
  4.4852, 3.29866,  341.708, 12 Feb 2006, 19:30:02
  4.4791, 3.29844,  342.710, 12 Feb 2006, 19:40:02
  4.4950, 3.30020,  342.710, 12 Feb 2006, 19:50:02
  4.5980, 3.31207,  344.151, 12 Feb 2006, 20:00:02
  4.5563, 3.31053,  345.216, 12 Feb 2006, 20:10:02
  4.4724, 3.30101,  346.469, 12 Feb 2006, 20:20:02
  4.5088, 3.30380,  347.847, 12 Feb 2006, 20:30:02
  4.4921, 3.30274,  348.473, 12 Feb 2006, 20:40:02
  4.5337, 3.30658,  348.786, 12 Feb 2006, 20:50:02
  4.5237, 3.30602,  349.475, 12 Feb 2006, 21:00:02
  4.5805, 3.31211,  349.977, 12 Feb 2006, 21:10:02
  4.6164, 3.31611,  350.102, 12 Feb 2006, 21:20:02
  4.6635, 3.32090,  349.663, 12 Feb 2006, 21:30:02
  4.6925, 3.32396,  348.912, 12 Feb 2006, 21:40:02
  4.6339, 3.31785,  348.223, 12 Feb 2006, 21:50:02
  4.6499, 3.31945,  347.596, 12 Feb 2006, 22:00:02
  4.6278, 3.31779,  347.283, 12 Feb 2006, 22:10:02
  4.6389, 3.31828,  346.719, 12 Feb 2006, 22:20:02
  4.6672, 3.32096,  346.406, 12 Feb 2006, 22:30:02
  4.6685, 3.32084,  345.842, 12 Feb 2006, 22:40:02
  4.8496, 3.34049,  344.902, 12 Feb 2006, 22:50:02
  4.8322, 3.33850,  343.963, 12 Feb 2006, 23:00:02
  4.7011, 3.32471,  343.023, 12 Feb 2006, 23:10:02
  4.6899, 3.32308,  342.459, 12 Feb 2006, 23:20:02
  4.6608, 3.32052,  341.645, 12 Feb 2006, 23:30:02
  4.7076, 3.32523,  340.455, 12 Feb 2006, 23:40:02
  4.7438, 3.32921,  339.077, 12 Feb 2006, 23:50:02
  4.7598, 3.33066,  337.385, 13 Feb 2006, 00:00:02
  4.7554, 3.32991,  336.258, 13 Feb 2006, 00:10:02
  4.7118, 3.32531,  335.443, 13 Feb 2006, 00:20:02
  4.7152, 3.32548,  334.629, 13 Feb 2006, 00:30:02
  4.7189, 3.32604,  334.002, 13 Feb 2006, 00:40:02
  4.7127, 3.32542,  333.564, 13 Feb 2006, 00:50:02
  4.6761, 3.32157,  333.000, 13 Feb 2006, 01:00:02
  4.6328, 3.31658,  332.499, 13 Feb 2006, 01:10:02
  4.6324, 3.31682,  332.248, 13 Feb 2006, 01:20:02
  4.7013, 3.32400,  332.060, 13 Feb 2006, 01:30:02
  4.7072, 3.32491,  331.810, 13 Feb 2006, 01:40:02
  4.7657, 3.33120,  331.747, 13 Feb 2006, 01:50:02
  4.7792, 3.33244,  331.434, 13 Feb 2006, 02:00:02
  4.6998, 3.32404,  331.183, 13 Feb 2006, 02:10:02
  4.6902, 3.32262,  331.183, 13 Feb 2006, 02:20:02
  4.7322, 3.32701,  331.371, 13 Feb 2006, 02:30:02
  4.6662, 3.32014,  331.747, 13 Feb 2006, 02:40:02
  4.7402, 3.32851,  332.248, 13 Feb 2006, 02:50:02
  4.7498, 3.32892,  332.186, 13 Feb 2006, 03:00:02
  4.7516, 3.33032,  332.436, 13 Feb 2006, 03:10:02
  4.7349, 3.32838,  332.812, 13 Feb 2006, 03:20:02
  4.6544, 3.31890,  333.125, 13 Feb 2006, 03:30:02
  4.6734, 3.32138,  332.875, 13 Feb 2006, 03:40:02
  4.7474, 3.32844,  332.937, 13 Feb 2006, 03:50:02
  4.7151, 3.32601,  333.689, 13 Feb 2006, 04:00:02
  4.7845, 3.33215,  335.130, 13 Feb 2006, 04:10:02
  4.7893, 3.33237,  336.383, 13 Feb 2006, 04:20:02
  4.7699, 3.33118,  337.886, 13 Feb 2006, 04:30:02
  4.7650, 3.33032,  341.394, 13 Feb 2006, 04:40:02
  4.7942, 3.33346,  342.522, 13 Feb 2006, 04:50:02
  4.8202, 3.33607,  344.088, 13 Feb 2006, 05:00:02
  4.7967, 3.33435,  346.844, 13 Feb 2006, 05:10:02
  4.8167, 3.33633,  348.912, 13 Feb 2006, 05:20:02
  4.7849, 3.33310,  350.916, 13 Feb 2006, 05:30:02
  4.7802, 3.33260,  352.733, 13 Feb 2006, 05:40:02
  4.7372, 3.32888,  357.243, 13 Feb 2006, 05:50:02
  4.7106, 3.32637,  357.494, 13 Feb 2006, 06:00:02
  4.7410, 3.32904,  359.874, 13 Feb 2006, 06:10:02
  4.7359, 3.32928,  365.262, 13 Feb 2006, 06:20:02
  4.7268, 3.32887,  369.459, 13 Feb 2006, 06:30:02
  4.7339, 3.33014,  376.287, 13 Feb 2006, 06:40:02
  4.7328, 3.33051,  384.368, 13 Feb 2006, 06:50:02
  4.7816, 3.33579,  391.635, 13 Feb 2006, 07:00:02
  4.7427, 3.33209,  397.023, 13 Feb 2006, 07:10:02
  4.7496, 3.33319,  404.039, 13 Feb 2006, 07:20:02
  4.7506, 3.33360,  409.614, 13 Feb 2006, 07:30:02
  4.8459, 3.34280,  405.605, 13 Feb 2006, 07:40:02
  4.7887, 3.33786,  397.586, 13 Feb 2006, 07:50:02
  4.7665, 3.33476,  397.837, 13 Feb 2006, 08:00:02
  4.7551, 3.33365,  399.152, 13 Feb 2006, 08:10:02
  4.8315, 3.34154,  402.159, 13 Feb 2006, 08:20:02
  4.7874, 3.33716,  401.721, 13 Feb 2006, 08:30:02
  4.7543, 3.33359,  399.528, 13 Feb 2006, 08:40:02
  4.7569, 3.33385,  399.403, 13 Feb 2006, 08:50:02
  4.7440, 3.33265,  399.278, 13 Feb 2006, 09:00:02
  4.7517, 3.33338,  398.965, 13 Feb 2006, 09:10:02
  4.7211, 3.33073,  398.526, 13 Feb 2006, 09:20:02
  4.7373, 3.33225,  399.779, 13 Feb 2006, 09:30:02
  4.7517, 3.33400,  405.166, 13 Feb 2006, 09:40:02
  4.7734, 3.33549,  408.173, 13 Feb 2006, 09:50:02
  4.7710, 3.33590,  414.876, 13 Feb 2006, 10:00:02
  4.7240, 3.33155,  416.693, 13 Feb 2006, 10:10:02
  4.7287, 3.33242,  420.389, 13 Feb 2006, 10:20:02
  4.7707, 3.33622,  422.456, 13 Feb 2006, 10:30:02
  4.7504, 3.33399,  419.449, 13 Feb 2006, 10:40:02
  4.7566, 3.33479,  418.635, 13 Feb 2006, 10:50:02
  4.7343, 3.33256,  416.129, 13 Feb 2006, 11:00:02
  4.7644, 3.33535,  412.746, 13 Feb 2006, 11:10:02
  4.7452, 3.33344,  412.120, 13 Feb 2006, 11:20:02
  4.7463, 3.33326,  410.366, 13 Feb 2006, 11:30:02
  4.7407, 3.33268,  409.677, 13 Feb 2006, 11:40:02
  4.7545, 3.33428,  406.106, 13 Feb 2006, 11:50:02
  4.8072, 3.33941,  399.654, 13 Feb 2006, 12:00:02
  4.9506, 3.35364,  394.266, 13 Feb 2006, 12:10:02
  5.0616, 3.36401,  391.948, 13 Feb 2006, 12:20:02
  5.0604, 3.36408,  386.749, 13 Feb 2006, 12:30:02
  5.0637, 3.36414,  382.489, 13 Feb 2006, 12:40:02
  5.0722, 3.36469,  380.046, 13 Feb 2006, 12:50:02
  5.0471, 3.36170,  377.039, 13 Feb 2006, 13:00:02
  5.0641, 3.36337,  375.097, 13 Feb 2006, 13:10:02
  5.0767, 3.36478,  373.782, 13 Feb 2006, 13:20:02
  5.0639, 3.36283,  373.406, 13 Feb 2006, 13:30:02
  5.1762, 3.37459,  373.782, 13 Feb 2006, 13:40:02
  5.0782, 3.36495,  372.466, 13 Feb 2006, 13:50:02
  4.9865, 3.35471,  371.902, 13 Feb 2006, 14:00:02
  4.9676, 3.35234,  370.461, 13 Feb 2006, 14:10:02
  4.9877, 3.35334,  370.712, 13 Feb 2006, 14:20:02
  5.0225, 3.35801,  371.464, 13 Feb 2006, 14:30:02
  5.0479, 3.36113,  376.851, 13 Feb 2006, 14:40:02
  4.9511, 3.35078,  376.851, 13 Feb 2006, 14:50:02
  4.9080, 3.34548,  374.596, 13 Feb 2006, 15:00:02
  4.9788, 3.35339,  372.904, 13 Feb 2006, 15:10:02
  4.9549, 3.35080,  373.406, 13 Feb 2006, 15:20:02
  4.9640, 3.35189,  372.466, 13 Feb 2006, 15:30:02
  4.9704, 3.35260,  375.410, 13 Feb 2006, 15:40:02
  4.7804, 3.33287,  378.730, 13 Feb 2006, 15:50:02
  4.9538, 3.35162,  384.556, 13 Feb 2006, 16:00:02
  4.8758, 3.34401,  388.190, 13 Feb 2006, 16:10:02
  4.8777, 3.34347,  388.816, 13 Feb 2006, 16:20:02
  4.7512, 3.33026,  385.809, 13 Feb 2006, 16:30:02
  4.8207, 3.33672,  382.928, 13 Feb 2006, 16:40:02
  4.6728, 3.32104,  381.299, 13 Feb 2006, 16:50:02
  4.7072, 3.32452,  379.858, 13 Feb 2006, 17:00:02
  4.6516, 3.31868,  377.791, 13 Feb 2006, 17:10:02
  4.7111, 3.32452,  376.601, 13 Feb 2006, 17:20:02
  4.6381, 3.31708,  376.788, 13 Feb 2006, 17:30:02
  4.6403, 3.31708,  378.355, 13 Feb 2006, 17:40:02
  4.6621, 3.31936,  380.672, 13 Feb 2006, 17:50:02
  4.6004, 3.31321,  384.807, 13 Feb 2006, 18:00:02
  4.3625, 3.28873,  388.064, 13 Feb 2006, 18:10:02
  4.4360, 3.29616,  389.568, 13 Feb 2006, 18:20:02
  4.3277, 3.28470,  388.879, 13 Feb 2006, 18:30:02
  4.2698, 3.27853,  386.561, 13 Feb 2006, 18:40:02
  4.2786, 3.28120,  387.751, 13 Feb 2006, 18:50:02
  4.2561, 3.27735,  390.946, 13 Feb 2006, 19:00:02
  4.2484, 3.27676,  393.702, 13 Feb 2006, 19:10:02
  4.2003, 3.27156,  394.016, 13 Feb 2006, 19:20:02
  4.2161, 3.27330,  394.016, 13 Feb 2006, 19:30:02
  4.2732, 3.27943,  397.273, 13 Feb 2006, 19:40:02
  4.1885, 3.27038,  396.521, 13 Feb 2006, 19:50:02
  4.2497, 3.27696,  395.081, 13 Feb 2006, 20:00:02
  4.2755, 3.27939,  392.512, 13 Feb 2006, 20:10:02
  4.3065, 3.28267,  391.322, 13 Feb 2006, 20:20:02
  4.3406, 3.28599,  391.197, 13 Feb 2006, 20:30:02
  4.3772, 3.29021,  390.382, 13 Feb 2006, 20:40:02
  4.3742, 3.28990,  389.443, 13 Feb 2006, 20:50:02
  4.3683, 3.28891,  388.190, 13 Feb 2006, 21:00:02
  4.4050, 3.29236,  386.060, 13 Feb 2006, 21:10:02
  4.4271, 3.29494,  384.682, 13 Feb 2006, 21:20:02
  4.4477, 3.29722,  383.366, 13 Feb 2006, 21:30:02
  4.4863, 3.30157,  382.928, 13 Feb 2006, 21:40:02
  4.5090, 3.30389,  381.675, 13 Feb 2006, 21:50:02
  4.4737, 3.29947,  378.417, 13 Feb 2006, 22:00:02
  4.4251, 3.29405,  375.410, 13 Feb 2006, 22:10:02
  4.4589, 3.29757,  372.215, 13 Feb 2006, 22:20:02
  4.4764, 3.29900,  368.519, 13 Feb 2006, 22:30:02
  4.4779, 3.29913,  365.074, 13 Feb 2006, 22:40:02
  4.4006, 3.29059,  361.754, 13 Feb 2006, 22:50:02
